event	TDC0	TDC1
1	1671094	1671205
2	2049261	2049356
3	679794	680050
4	553606	553789
5	430324	430425
6	1310708	1310784
7	454385	454523
8	487053	487138
9	1656645	1656769
10	1727705	1728114
11	827975	827734
12	1632611	1632757
13	499125	499467
14	321844	322414
16	2033329	2033473
17	1346947	1346926
18	424457	424511
19	1313091	1313230
20	180123	180406
26	1540741	1540864
27	1136512	1136638
28	470591	470719
29	411863	412429
30	1012550	1012617
31	702401	702502
32	2066062	2066317
33	501782	501735
34	1842650	1842385
35	440865	440953
36	1226325	1226481
37	1687355	1687463
38	1241030	1241159
39	514368	514302
40	686296	686449
41	1663727	1663814
42	1608736	1608839
43	725049	725155
44	246198	246287
45	374794	374883
46	463494	463560
47	2017959	2018103
48	116382	116473
49	1101707	1101430
50	1969360	1969529
52	371098	371220
53	1084613	1084721
54	660560	660673
55	1918032	1918124
56	1321239	1321358
57	1678756	1679052
58	251916	252020
59	1697265	1697391
60	1979347	1979563
61	2007473	2007648
62	715881	716011
63	468183	468202
64	559074	559116
65	1826506	1826633
66	1071590	1071713
67	165637	165294
68	754382	754470
69	157868	157849
70	2033527	2033590
71	1401716	1401918
72	367495	367648
73	1711193	1711302
74	1135280	1135341
75	1675384	1675658
76	343636	343733
77	1267391	1267682
78	1937414	1937476
79	1152109	1152266
80	614882	614833
81	787029	787156
82	1817091	1817253
83	1206122	1206250
84	1214657	1214739
85	333275	333389
86	1285795	1285865
87	1209945	1209991
88	1571783	1571810
89	2095832	2095919
90	1388099	1388233
91	253826	253962
92	767160	767328
93	619027	619090
94	29031	29150
95	675783	675881
96	235459	235581
97	1743520	1743637
98	67128	67218
99	829156	829321
100	1114426	1114608
101	2011806	2011870
103	1432908	1433034
104	1744862	1744636
105	798320	798430
106	242353	242459
107	1698625	1698734
108	572985	573055
109	340504	340588
110	1457593	1457615
111	1364205	1364321
112	1550422	1550545
113	1140959	1141087
114	1707504	1707646
115	1693309	1693427
116	628973	629065
117	1896951	1897035
118	1656371	1656503
119	1743869	1743963
120	480076	480359
121	143344	143488
122	474452	474569
123	1231595	1231798
124	56801	57124
125	1211776	1211848
126	2092241	2092313
128	1976157	1976239
129	1499567	1499680
130	284907	285094
131	503794	503932
132	1554877	1554999
133	209134	209238
134	1571279	1571381
135	2040834	2040916
136	290761	290895
137	2069310	2069421
138	1010767	1010977
139	756055	756165
140	39515	39648
141	306915	307031
142	284494	284536
143	1252646	1252762
144	160780	160848
145	1311432	1311550
146	1405511	1405631
147	624266	624382
148	442109	442181
149	1118127	1118248
150	430907	431004
151	44250	44380
152	1739715	1739771
153	1755622	1755733
154	752699	752851
155	1508496	1508587
156	221150	221212
157	360671	360448
158	459092	458875
159	1308049	1308141
160	1043063	1043152
161	1986382	1986417
162	1818703	1818814
163	955546	955653
164	890195	890359
165	344865	344966
166	1878053	1878136
167	945590	945717
168	413494	413279
169	418303	418412
170	230112	230211
171	1351994	1352079
172	823260	823596
173	1114382	1114461
174	872682	872826
175	698110	698200
176	941546	941310
177	2010379	2010460
178	2054578	2054686
179	1899522	1899685
180	812995	813138
181	1970058	1970171
182	1939321	1939359
183	1768446	1768543
184	1797683	1797889
185	1724398	1724477
186	1473473	1473604
187	1925807	1925895
188	2089987	2090101
189	640551	640276
190	1032501	1032607
191	885083	885206
192	1053498	1053614
193	243835	243971
194	622676	622770
195	584000	584183
197	1504382	1504512
198	482957	482913
199	416637	416746
200	763261	763407
201	306113	306225
202	1426727	1426733
203	1504832	1505112
204	1750553	1750654
205	486511	486617
206	1625593	1625668
207	1220635	1220730
208	634726	634864
209	924794	924918
210	385455	385563
211	705926	706320
212	1518541	1518676
213	456772	456860
214	2040839	2040946
215	1403170	1403124
216	1587974	1587736
217	318371	318458
218	1047732	1047857
219	377092	377188
220	991407	991511
221	876713	876833
222	1088315	1088361
223	699644	699788
224	51418	51482
225	125040	125155
226	1292265	1292378
227	489258	489361
228	2091292	2091540
229	1191252	1191196
230	54673	54814
231	1947805	1947934
232	544614	544696
233	2040203	2040463
234	1428396	1428489
235	1810608	1810669
236	979409	979513
237	792872	792969
238	2064907	2065011
239	179613	179731
240	2056566	2056685
241	2080782	2080882
242	1470137	1470278
243	534623	534724
244	1192667	1192787
245	531596	531702
246	946351	946476
247	879995	880109
248	1772560	1772687
249	915202	915341
251	1212581	1212683
252	1909596	1909733
253	1550265	1550343
254	1310957	1311042
255	661023	661172
256	586519	586619
257	479261	479355
258	182405	182538
259	1080020	1080141
260	1402935	1403047
261	1534330	1534448
262	914149	914241
263	1470761	1470636
264	1092341	1092476
265	1482170	1482236
266	479617	479635
267	297144	297250
268	410349	410459
270	746823	746738
271	757429	757449
272	1786452	1786884
273	461946	462081
274	452293	452363
276	1201359	1201497
277	1040528	1040755
278	1829312	1829710
279	1736448	1736569
280	2010126	2010649
281	344393	344510
282	1905936	1906037
283	1076240	1076523
284	1886117	1886214
285	1538695	1538787
286	1131383	1131463
287	111207	111409
288	1139189	1139296
289	725891	726036
290	1372761	1372844
291	1245391	1245522
292	1241129	1241263
293	1908671	1908812
295	397789	397905
296	1135271	1135579
297	182866	182981
298	338509	338629
299	557929	558221
300	400353	400542
301	1888396	1888542
302	686018	686098
303	1117548	1117687
304	906372	906539
305	738310	738586
306	1230440	1230555
307	719895	719961
308	673700	673805
309	1303504	1303606
310	1507430	1507168
311	426350	426469
312	772096	772322
313	1933261	1933340
314	926148	926278
315	1480166	1480314
316	859613	859713
317	1895933	1896080
318	863697	863989
319	1323757	1323854
320	1157218	1157312
321	354162	354100
322	1392988	1393115
323	923523	923690
324	916857	916861
325	249039	249179
326	1772221	1772360
327	1279545	1279668
328	1437456	1437587
329	661060	661123
330	900767	900879
331	507833	507763
332	637624	637744
333	1228239	1228396
334	620102	619970
335	237290	237507
336	585891	586041
337	253233	253301
338	1957447	1957761
339	1475523	1475643
340	266993	267127
341	342900	342992
342	634519	634658
343	1509899	1509587
344	1393963	1394087
345	1200471	1200621
346	173065	173122
347	1509047	1509254
348	1429693	1429415
349	200183	200073
350	759001	758992
351	714963	715088
352	537196	537247
353	1790825	1790887
354	323073	323216
355	1324448	1324552
356	644272	644412
357	191458	191611
358	1989875	1990014
359	866008	866115
360	139940	140071
361	351606	351870
362	1424627	1424716
363	869396	869512
364	736838	736953
365	404853	404933
366	392630	392736
368	1802258	1802366
369	204134	204258
370	1383495	1383688
371	589524	589643
372	1737565	1737731
373	158955	159071
374	548606	548736
375	547555	547614
376	1261814	1261849
377	87789	87927
378	1819995	1820098
379	1480184	1480248
380	517663	517747
381	972050	971782
382	849876	849948
383	1514241	1514409
384	1753241	1753186
385	34770	35109
386	489959	490085
387	125671	125386
388	1127089	1127266
389	268543	268663
390	1790803	1790924
391	913492	913625
392	362041	362157
393	888666	888771
394	235151	235410
395	889687	889797
396	1773842	1773945
397	1617914	1618003
398	1845407	1845547
399	1352996	1353102
400	1275674	1275800
401	243593	243759
402	417798	417898
403	125660	126410
404	570123	570254
405	1415521	1415633
406	1479240	1479405
407	596231	596370
408	111109	111197
409	137833	137919
410	1800497	1800654
411	1672732	1672839
412	1210320	1210439
413	332966	333057
414	1052539	1052645
415	1898001	1898037
416	711441	711566
417	155928	156035
418	1054520	1054645
420	846890	846959
421	473378	473677
422	1403395	1403523
423	1620492	1620599
424	1810593	1810698
425	1347676	1347776
426	1288887	1288973
427	1312627	1312740
428	1268284	1268389
429	984358	984489
430	1298116	1298217
431	2052284	2052245
432	493044	493139
433	2076681	2076841
434	1289600	1289721
435	428036	428137
436	1053654	1053703
437	63489	63607
438	1074892	1075009
439	1807089	1807194
440	229604	229781
441	1838315	1838412
442	383044	383178
443	70913	71039
444	1610880	1610994
445	37390	37515
446	1139015	1139150
447	1783022	1783129
448	1652490	1652571
450	265023	265116
451	245283	245428
452	119656	119898
453	1230505	1230626
454	33853	33786
455	1320198	1320291
456	1191772	1191920
457	1319472	1319572
458	1660596	1660687
459	1033598	1033724
460	1676745	1676910
461	1950625	1950717
462	550568	550692
463	387469	387571
464	926149	926318
465	1876091	1876165
466	211431	211593
467	2092959	2093241
468	1513172	1513362
469	690290	690484
470	123648	123969
471	751943	752053
472	2065689	2065809
473	1956271	1956395
474	291571	291656
475	1597013	1596923
476	873878	874014
477	758870	759030
478	1563983	1564104
479	1370281	1370415
480	102140	102264
481	1136299	1136385
482	132718	132849
483	465671	465884
484	1138095	1138265
485	663635	663776
486	1726288	1726393
487	2029410	2029191
488	1960952	1961074
489	1359612	1359903
490	384928	385040
491	1518176	1518261
492	1922380	1922498
493	571709	571819
494	1812375	1812487
495	651947	652068
496	1772798	1772917
497	296888	296897
498	1150985	1151066
499	666621	666681
500	1848829	1848944
501	41895	42004
502	1922783	1922906
503	1267931	1268067
504	2046924	2047065
505	882695	882758
506	855233	855372
507	784726	784928
508	693301	693372
509	812648	812746
510	736311	736465
511	23467	23615
512	1630171	1630307
513	301536	301623
514	1628685	1628765
515	1476211	1476312
516	551937	552038
517	465899	466069
518	1477887	1477980
519	1611701	1611844
520	1173138	1173226
521	575525	575663
522	884914	885030
523	583193	583280
524	1980658	1980780
525	508995	509165
526	1284722	1284841
527	1659489	1659619
528	860492	860424
529	1147406	1147510
530	2021892	2022039
531	759505	759610
532	450177	450263
533	899294	899593
534	1168911	1169111
535	1031785	1031900
536	1078871	1078983
537	1065893	1066026
538	295591	295677
539	888984	889047
540	381020	381106
541	1323069	1323192
543	1546284	1546379
544	646156	646268
545	1504723	1504832
546	1461240	1461380
547	702576	702706
548	677528	677594
549	1145996	1146079
550	1431330	1431047
551	1623898	1624025
552	1659251	1659347
553	1287529	1287626
554	2073717	2073659
555	19910	20007
556	512454	512572
557	2010659	2010762
558	283472	283593
559	103095	103190
560	1078801	1078927
561	1317463	1317555
562	1279264	1279426
563	1000624	1000712
564	1891100	1891240
565	1772667	1772751
566	1617874	1617971
567	1070641	1070771
568	1031329	1031386
569	488870	488867
570	176840	176962
571	2025794	2025939
572	621970	622111
573	569993	570090
574	1956609	1956738
575	1263524	1263638
576	298592	298725
577	2092096	2092214
578	1081012	1081144
579	1377611	1377760
580	384094	384111
581	154941	155041
582	238943	239034
583	81729	81861
584	1014201	1014351
585	1122799	1122904
586	1494484	1494651
587	1146582	1146637
588	113074	113215
589	1023583	1023752
590	441628	441739
591	1394357	1394474
592	2042966	2042925
593	1660158	1660186
594	1918819	1918962
595	176003	176125
596	1968242	1968351
597	194717	194797
598	372186	372346
599	1143204	1143259
600	504343	504478
601	2089328	2089442
602	386267	386383
603	513438	513428
604	373633	373758
605	659899	660028
607	1591221	1591370
608	680122	679873
609	333394	333541
610	863091	862819
611	2068697	2068886
612	1820264	1820355
613	788258	788343
614	1204242	1204365
615	1526951	1527159
616	817797	817917
617	13089	13240
618	182641	182783
619	909871	910017
620	1445060	1444995
621	1220637	1220740
622	1850416	1850475
623	1265569	1265557
624	1440020	1440145
625	1335234	1335362
626	1321529	1321639
627	1237903	1238004
628	1395216	1395352
629	1932039	1932203
630	192091	192192
631	603966	604071
632	1296187	1296303
633	1354210	1354347
634	1187458	1187577
635	304245	304337
636	1326138	1326266
637	71783	71812
639	1871477	1871580
640	842602	842741
641	2006623	2006743
642	1415433	1415571
643	516424	516556
644	1784283	1784403
645	757814	757945
646	802499	802601
647	1251135	1251210
648	1388396	1388510
649	1654838	1655110
650	1314451	1314581
651	1488070	1488217
652	1315379	1315358
653	496568	496688
654	1036925	1037026
656	1351050	1351331
657	481606	481730
658	1409502	1409589
659	432333	432437
660	1375365	1375362
661	891772	891998
662	449115	449216
663	1662300	1662421
664	750566	750688
665	1282282	1282365
666	655007	655154
667	1636866	1636982
668	1305500	1305657
669	956085	956177
671	451838	451957
672	643533	643658
673	548710	549378
674	730631	730808
675	1781276	1781385
680	573315	573443
681	1813527	1813685
682	1537147	1536935
683	1646723	1646828
684	458020	458103
685	537213	537357
686	699164	699248
687	1821348	1821421
688	182943	183085
689	1800027	1800140
690	1293390	1293484
691	493622	493770
692	1726204	1726301
693	1080660	1080770
694	533739	533816
695	1180670	1180551
696	311239	310942
697	826498	826640
698	195487	195427
699	335113	335222
701	646812	646503
702	1430128	1430204
703	1870541	1870698
704	48844	48967
705	1990827	1990858
707	1569113	1569229
708	758699	758773
709	862542	862641
710	1543618	1543736
711	1731933	1731989
712	1804436	1804532
713	1164765	1164531
714	794226	794349
715	948208	948326
716	2056005	2056134
717	1775843	1776078
719	127922	128018
720	1370125	1370221
721	287185	287296
722	1580299	1580330
723	280979	281092
724	1368520	1368652
725	169417	169533
726	847501	847629
727	899838	899925
728	285305	285440
729	546782	546867
730	1100795	1100924
731	1744586	1744699
732	946019	946188
733	1333013	1333135
734	909556	909654
735	1878034	1878164
736	707099	707243
737	1219937	1220073
738	2077483	2077492
739	785201	785374
740	202063	202218
741	1159827	1159947
742	497858	497884
743	447774	447906
744	351722	351907
745	1735775	1735891
746	505379	505507
748	165575	165694
749	532048	532161
750	1465431	1465559
751	1205687	1205780
752	1495657	1495745
753	142835	142735
754	1551239	1551335
755	812051	812130
756	795783	795874
757	737382	737530
758	895978	896068
759	573785	573958
760	536832	536995
761	1125948	1125716
762	602377	602482
763	1505120	1505234
764	804773	804848
765	1137321	1137432
766	1947953	1948109
767	1889610	1889400
769	1548554	1548682
770	1179253	1179320
771	1189204	1189346
772	405657	405722
773	1245109	1245237
774	2089715	2089772
775	102552	102674
776	1542476	1542611
777	1320089	1320248
778	582448	582563
779	81393	81363
780	2062016	2061779
781	582956	583101
782	32443	32528
783	631985	632082
784	173204	173180
785	868358	868449
786	245236	245366
787	912368	912443
788	700380	700475
789	75633	75762
790	2034305	2034547
791	1615310	1615427
793	13029	13128
794	1116359	1116444
795	1383500	1383626
796	310490	310554
797	1265653	1265702
798	1496144	1496220
799	1774767	1774891
800	577003	576986
801	1765435	1765542
802	581203	581346
803	250808	250918
804	576833	576973
805	981995	982131
806	1338821	1338975
807	1661817	1661906
808	981248	981306
809	1218131	1218215
810	753110	753232
811	878433	878740
812	1620256	1620395
813	689200	689407
814	860251	860378
815	1393898	1393996
816	763842	763966
817	699739	700109
818	148231	148329
819	518504	518612
820	1213992	1213922
821	1865807	1865988
822	515007	515101
823	999790	999929
824	83426	83555
825	1697916	1698048
830	1291014	1291146
831	2055124	2055259
832	1611886	1611618
833	573487	573590
834	1807486	1807611
835	507343	507468
839	269149	269205
840	760040	760202
841	1535503	1535626
842	286424	286494
843	1192158	1192211
844	2036584	2036723
845	822724	822820
846	1150603	1150351
847	1739230	1739338
848	1093176	1093266
849	1307844	1307913
850	58421	58896
851	2050404	2050493
852	1459649	1459773
853	1042823	1042906
854	1129322	1129417
855	1785971	1785702
856	124880	125003
857	2040866	2040926
858	1818084	1818229
859	1728898	1729026
860	524421	524166
861	1877646	1877580
862	1371019	1371134
863	1520392	1520537
864	1534473	1534587
865	1326019	1326154
866	895655	895599
867	1747753	1747881
868	925228	925385
869	1325326	1325446
870	351810	351924
871	1831346	1831431
872	217058	216950
873	1276581	1276689
874	103266	103380
875	946560	946907
876	88409	88517
877	146177	146356
878	1715797	1715944
879	208678	208785
880	559280	559360
881	333835	333957
882	337122	337180
883	1820573	1820653
884	1487954	1488104
885	140980	141083
886	191593	191633
887	1519057	1519151
888	263530	263654
889	1319317	1319464
890	203730	203737
891	1424382	1424650
892	1321092	1321232
893	1504599	1504777
894	916531	916625
895	459893	460003
896	242192	242318
897	318926	319097
898	1169847	1169971
899	1181897	1181956
901	476535	476609
902	1434927	1435010
903	843509	843483
904	1147540	1147611
905	702442	702536
906	953358	953518
907	1784161	1784248
908	2006729	2006855
909	637782	637922
910	1701503	1701623
911	1531052	1531159
912	1221123	1220869
913	322289	322416
914	491398	491533
915	93149	93271
916	1059565	1059683
921	988352	988480
922	501466	501462
923	461278	461411
924	1992031	1991983
925	781253	781413
926	185463	185581
927	1546688	1546717
928	549181	549143
929	612565	612684
930	34393	34495
931	1445505	1445633
932	1550606	1550739
933	1938367	1938546
934	518218	518307
935	1437482	1437730
936	1592933	1593027
937	834908	835000
938	2030818	2030859
939	1594599	1594721
940	835720	835853
941	1268272	1268399
942	1401588	1401702
943	1123534	1123659
945	1708209	1708333
946	802435	802562
947	1098672	1098807
948	499734	499904
949	1591142	1591323
950	1571918	1571942
951	167068	167194
952	1552523	1552602
953	744374	744482
954	1867219	1867349
955	450152	450299
956	38441	38562
957	1247330	1247451
958	1855506	1855793
959	788089	788191
960	866493	866634
961	343941	344071
962	2071152	2071266
963	1081551	1081662
964	1222547	1222694
965	114527	114522
966	1080991	1081085
967	926085	926122
968	1817785	1817509
969	521065	521154
970	1369841	1370003
971	868514	868616
972	791635	791778
973	1984341	1984470
974	953376	953488
975	1579125	1579220
976	235393	235540
977	63160	63308
978	1383157	1383424
979	499239	499400
980	1090570	1090742
981	1649536	1649582
982	1486940	1487259
983	2059596	2059611
984	1103353	1103443
985	449257	449009
986	26112	26243
987	1588356	1588427
988	1769862	1770294
989	775465	775550
990	934965	935077
991	2026447	2026510
992	34450	34543
993	1323820	1323933
994	2043675	2043336
995	676482	676517
996	908083	907787
997	1313075	1312848
998	1282655	1282769
999	1090356	1090463
1000	261926	261990
1001	1457720	1457847
1002	32740	32882
1003	83505	83665
1004	1532379	1532499
1006	2030686	2030772
1007	854358	854481
1008	61556	61614
1009	127247	127502
1010	2076784	2076885
1011	413733	413819
1012	1379444	1379197
1013	19270	19542
1014	71295	71567
1015	1755760	1755877
1016	1229759	1229616
1017	882243	882322
1018	1572917	1573041
1019	263610	263740
1020	1041964	1042075
1021	1602670	1602841
1022	532758	532882
1023	491119	490894
1024	1738420	1738577
1025	2017883	2017996
1026	1922304	1922378
1027	1079410	1079511
1028	1627964	1628010
1029	936431	936507
1030	1976724	1976835
1031	614517	614651
1032	1971989	1972105
1033	202287	202393
1034	1989018	1989119
1035	708884	708970
1036	507136	507229
1038	1354770	1354871
1039	232492	232680
1040	270072	270350
1041	218831	218932
1042	2063919	2064023
1043	504621	504563
1044	779608	779720
1045	596536	596543
1046	1202351	1202447
1047	1097703	1097710
1048	1616673	1616801
1049	1859730	1859838
1050	1903464	1903545
1051	961238	961360
1052	70826	70968
1053	1040519	1040624
1054	434465	434602
1055	2053246	2053382
1056	141943	141939
1057	1837307	1837429
1058	1346783	1346826
1059	1524902	1524983
1060	1161313	1161251
1061	1453547	1453714
1063	1640287	1640432
1064	1756358	1756415
1065	155420	155522
1066	970251	970471
1067	1722931	1722694
1068	358921	359029
1069	1501480	1501557
1070	1037608	1037716
1075	210343	210464
1076	968415	968550
1077	1821679	1821782
1078	1947879	1947960
