event	TDC0	TDC1
1	1176063	1175866
2	691035	691046
3	851128	851166
4	413034	413070
6	1607843	1607892
7	1851935	1851976
8	338665	338833
9	736486	736184
10	2010413	2010481
11	1469994	1470053
12	2063783	2063855
13	735935	735945
14	294324	294395
15	1479623	1479800
16	799269	799397
17	301966	302018
22	2049332	2049402
23	608038	608065
24	604961	605016
25	1350792	1350821
26	1025854	1025898
27	763467	763523
28	190247	190320
30	744057	744610
31	1433900	1433990
32	80863	80928
33	791426	791504
34	1734381	1734458
35	802570	802678
36	1084003	1084001
37	642859	642908
38	903728	903799
39	569233	569287
40	226773	226786
41	671884	671945
42	1566956	1567019
43	949077	949153
44	1654509	1654558
45	792453	792525
46	597300	597393
47	249490	249416
48	743103	743155
49	387806	387889
50	1446485	1446529
55	799208	799256
56	1788292	1788229
57	1243281	1243360
58	239029	239057
59	259591	259637
60	101814	101863
61	652048	652068
62	344590	344919
63	1349809	1349907
64	2080440	2080624
65	1897780	1897863
66	1702365	1702508
67	941867	941878
68	268454	268543
69	563166	563231
70	2066975	2067051
71	602349	602330
72	2022098	2022114
73	499641	499650
74	1827148	1827238
75	519088	519169
76	732033	732129
77	1233326	1233391
78	862986	862677
79	574197	574260
80	215486	215517
81	614254	614337
82	856944	857006
83	436713	436820
84	1363965	1364142
85	2088479	2088511
86	1690444	1690523
87	1918587	1918623
88	1200770	1201034
89	776966	777005
90	249767	249848
91	511466	511543
92	1835103	1835192
93	797032	797080
94	1131163	1131208
95	32260	32241
96	820836	820898
97	470587	470672
98	1268619	1268623
99	1738002	1737985
100	771237	771262
101	2053801	2053817
102	89791	89892
103	1702312	1702464
104	1820111	1820160
105	2054066	2054153
106	409797	409878
107	1864069	1864147
108	2071547	2071648
109	132370	132395
110	1013522	1013555
111	1194024	1193705
112	1631451	1631553
113	1941478	1941562
114	1336660	1336686
115	519094	519103
116	1495943	1496027
118	1421074	1421058
119	1717441	1717499
120	1997488	1997524
121	1684102	1684086
122	548475	548496
123	1972233	1972344
124	1129019	1129023
125	739798	739879
126	264860	264909
127	1771832	1771859
128	2094958	2095124
129	792233	792279
130	208376	208459
131	750304	750347
132	1113269	1113232
135	748351	748384
136	1850365	1850410
137	99219	99279
138	1687119	1687170
139	1291225	1291292
140	764146	764231
141	10831	10813
142	295487	295488
143	312872	312927
144	2067688	2067755
145	1885215	1885254
146	2000445	2000473
147	1483011	1483198
148	801329	801350
149	2063338	2063363
150	942672	942733
151	1484112	1484189
152	1983023	1983125
153	1892114	1892141
154	1203496	1203578
155	916172	916278
156	1372686	1372761
157	1804864	1804891
158	1885854	1885919
159	1116167	1116243
160	1143941	1144017
161	504015	504072
162	1753767	1753801
163	203163	202918
164	1440284	1440351
165	360835	360915
166	1744263	1744287
167	1772701	1772711
168	1196134	1196146
169	1171839	1171926
170	1790597	1790869
171	1507765	1507875
172	595145	595188
173	1396134	1395954
175	2045097	2045150
176	2081236	2081312
177	250689	250624
178	1776223	1776281
179	1815231	1815255
180	628069	628106
181	131435	131440
182	1464632	1464682
183	473826	473864
184	1040989	1041048
185	1305226	1305249
186	1872950	1873011
187	745845	745901
188	1978061	1978127
190	1710884	1710939
191	174344	174221
192	562465	562550
193	176393	176423
194	58052	58085
195	1920398	1920471
196	1859502	1859593
197	1417803	1417836
198	1110408	1110527
199	1176737	1176783
200	671839	671868
201	700997	701062
202	767243	767308
203	1950338	1950426
204	1624277	1624320
205	2013541	2013543
206	367650	367747
207	1791037	1791102
208	64661	64690
209	226573	226599
210	928319	928687
211	1641554	1641595
212	1653657	1653757
213	2066785	2066866
214	1720758	1720839
215	1177623	1177657
216	423790	423854
217	1060309	1060365
218	161218	160912
219	706252	706320
220	759924	759962
221	561893	562196
222	294658	294707
223	1981697	1981741
224	1980253	1980289
225	1362357	1362372
226	1843377	1843443
227	1702748	1702853
228	843952	843965
230	1021704	1021787
231	1938297	1938213
232	628235	628311
233	90021	90082
234	975869	976136
235	449095	449164
236	16981	17044
237	938120	938195
238	1791258	1791292
239	791779	791884
240	259522	259606
241	56525	56570
242	995920	996000
243	335820	335206
244	1003668	1003760
245	1611160	1611232
246	1998423	1998473
247	406401	406480
248	1565736	1566142
249	2071289	2071527
250	35487	35476
251	458140	458231
252	1120201	1120147
253	1166358	1166397
254	496267	496290
255	610141	610175
256	1312400	1312441
257	1478665	1478763
258	43008	43086
259	1665961	1666034
260	1309249	1309321
261	1940919	1940928
262	1200350	1200387
263	1398679	1398742
264	1731853	1731919
265	559541	559260
266	1681467	1681755
267	1725059	1725135
268	1548412	1548449
269	801856	801884
270	1910829	1910896
271	1869368	1869424
272	212859	212854
273	824761	824813
274	1563478	1563502
275	879921	879985
276	1210580	1210610
277	1615049	1615092
278	1681882	1682028
279	1065994	1066016
280	336781	336811
281	391506	391598
282	991660	991740
283	426700	426759
284	788741	788766
285	1604898	1604944
286	45005	45019
287	500795	500876
288	1717944	1718014
289	977943	978137
290	1392113	1392164
291	367912	368005
292	42669	42736
293	149290	149376
294	772808	772849
295	86611	86759
297	641615	641700
298	1079312	1079634
299	495814	495858
300	1567575	1567631
301	674113	674159
302	1383555	1383577
303	921165	921217
304	1610027	1610083
305	801465	801536
306	126276	125878
307	1825924	1826019
308	714116	714247
309	618639	618701
310	1470529	1470573
311	827866	827883
312	1439359	1439394
313	1972459	1972990
314	276454	276464
315	1459419	1459476
316	1541013	1541068
317	307247	307503
318	1663289	1663318
319	776757	776809
320	947141	947191
321	1442093	1442117
322	1938347	1938514
323	187807	188012
324	724103	724175
325	1434665	1434714
326	323411	323455
327	401888	401924
328	1868713	1868643
329	417899	418076
330	358073	358125
331	311334	311385
332	1919194	1919264
333	1401844	1401945
334	257458	257506
335	1227237	1227213
336	393816	393896
337	1167797	1167851
338	1628819	1628913
339	1999028	1999113
340	446983	447020
341	661352	661409
342	1310714	1310839
343	593627	593706
344	1556493	1556511
345	330142	330221
346	1348324	1348355
347	51019	51067
348	178122	178134
349	1420177	1420251
350	840274	840315
352	644203	644237
353	1662482	1662504
354	907587	907625
355	1496001	1496086
356	1700424	1700449
357	11261	11343
358	1336473	1336513
359	1675165	1675228
360	749112	749189
361	1407359	1407460
362	1930529	1930585
363	357688	357734
365	331023	331074
366	1170798	1170800
367	1680685	1680866
368	145994	146035
369	1982836	1983239
370	1885725	1885927
371	615087	615085
372	1471031	1471090
373	1071844	1071868
374	124275	124315
375	611871	611999
376	380144	380226
377	2071476	2071658
378	55274	55436
379	1575574	1575639
380	319211	319605
381	246264	246287
383	1301208	1301251
384	1451104	1451161
385	1015754	1015651
386	613923	613996
388	281101	281123
389	169688	169716
390	381539	381544
391	1876964	1876976
392	871892	871908
394	636752	636833
395	1183972	1184042
396	986795	986797
397	810153	810202
398	55341	55384
399	619501	619565
400	244864	244883
401	489478	489521
402	716626	716389
403	365975	366046
404	629590	629679
405	1987527	1987845
406	1738719	1738771
407	1851117	1851186
408	1181380	1181371
409	1785890	1785942
410	1310826	1311023
411	1839698	1839704
412	256092	256185
413	1296123	1296176
414	1177425	1177503
415	281979	282002
416	952980	953405
417	531123	531115
418	1553841	1553927
419	64061	64151
420	23620	23609
421	1851956	1851979
423	497846	497853
424	2034253	2034273
425	105235	105123
426	1496041	1496048
427	264767	265111
428	166457	166579
429	129607	129659
430	836403	836519
432	265935	266393
433	112612	112618
434	1907023	1907415
435	346450	346481
436	1758265	1758299
437	469024	469017
438	1673220	1673664
439	155170	155255
440	58501	58586
441	901152	901210
442	276646	276722
443	306267	306264
444	2036531	2036547
445	479270	479748
446	376242	376282
447	1672763	1672780
448	779350	779435
449	352030	352180
450	149197	149191
451	784002	783946
452	950297	950416
453	868443	868501
454	1018518	1018582
455	214415	214470
456	1584324	1584389
457	1145915	1145976
458	1910340	1910419
459	1689807	1689864
460	1543442	1543824
461	1718780	1718844
462	1764608	1765452
463	1332150	1332560
464	1001754	1001817
465	867726	867781
466	1947462	1947525
467	702033	702448
468	1989171	1989202
469	936966	937035
470	869661	869743
471	1243100	1243158
472	933788	933836
473	164100	164185
474	327038	327086
475	815007	815004
476	1121399	1121479
477	556733	556756
478	1983767	1983792
479	1955368	1955423
480	640839	640840
481	1234990	1234997
482	1084305	1084385
484	60262	60315
486	1661654	1661688
487	1159525	1159699
488	54379	54718
489	1307381	1307452
490	1997831	1997910
491	1669486	1669514
492	707901	708298
493	1183879	1183916
494	140045	139738
495	1027596	1028034
496	2026140	2026184
497	498698	498754
498	1078902	1078913
499	79443	79854
500	1383119	1383179
501	1206730	1206776
502	966622	966707
503	214117	214479
504	1219118	1219193
505	1180433	1180494
506	361094	361501
507	1007115	1007014
508	156798	157235
509	1915258	1915281
510	1451301	1451338
511	736260	736283
512	1054210	1054223
513	1790844	1790904
514	1931312	1931319
515	1955569	1955605
516	1367143	1367163
517	824855	824881
518	236687	237091
519	1852317	1852393
520	625173	625619
521	821887	821962
522	166684	166751
523	1658751	1658855
524	1593960	1594390
525	428138	428138
526	458694	459103
527	1628767	1628773
528	17366	17446
529	2048475	2048573
530	562946	562975
531	856664	856721
532	1525025	1525117
533	1521981	1521996
534	439721	439897
535	1786595	1786497
536	689177	689341
537	1127056	1127506
538	157012	156967
539	1334109	1334491
540	1731877	1731931
541	612165	611851
542	1661071	1661104
543	543662	543713
544	1057317	1057367
545	978372	978416
547	1264045	1264457
548	764922	764983
549	895184	895251
550	339745	339910
551	477108	477547
552	120589	120614
553	504529	504569
554	669094	669505
555	1864121	1864126
556	1433427	1433485
557	795699	795664
558	1628287	1628348
559	604427	604474
560	1363832	1363907
561	840667	841086
562	346882	346941
