event	TDC0	TDC1
1	990924	990841
2	48618	48489
3	1551637	1551530
4	1321055	1320871
5	553099	552989
6	1174187	1174368
7	704623	704846
8	1360189	1360379
9	817809	817656
10	484287	484198
11	164144	164344
12	293628	293851
13	1940354	1940508
14	1066107	1066297
15	1974190	1974083
16	396505	396662
17	1550654	1550551
18	1576754	1576991
19	1591480	1591383
20	652847	653090
21	1472820	1472694
22	1238107	1238020
23	1378135	1378026
24	1229707	1229874
25	364075	363960
26	282698	282573
28	92503	92414
29	1044632	1044480
30	2028392	2028283
31	1674635	1674517
32	2049337	2049242
33	681338	681229
34	1449690	1449557
35	48534	48398
36	1703061	1703310
37	1316160	1316056
38	668454	668344
39	742848	742736
40	1035336	1035229
41	1246175	1246044
42	1588088	1587951
43	1361712	1361886
44	1469151	1469045
45	413252	413175
46	811505	811703
47	1271403	1271633
48	376046	375928
49	1137831	1137714
50	1721032	1720932
51	929464	929304
52	324662	324554
53	571632	571826
54	1829919	1830134
55	635375	635254
56	1860633	1860850
57	1778597	1778791
58	1620535	1620741
59	1829750	1829634
60	842050	842271
61	1889709	1889914
62	2004409	2004304
63	363476	363682
64	1987884	1987781
65	883410	883293
66	1679440	1679286
67	370907	371101
68	1667252	1667070
69	2076033	2076271
70	2002696	2002583
71	1904340	1904239
72	1743890	1744094
73	157542	157734
74	1857017	1857246
75	88859	88723
76	1289727	1289599
77	726843	726740
78	1162402	1162206
79	1107274	1107106
80	800616	800816
81	90096	89970
82	1110548	1110420
83	46023	45926
84	1497689	1497863
85	1484182	1484050
86	1679700	1679549
87	947653	947516
88	1199307	1199202
89	1473565	1473487
90	170679	170599
91	1823926	1823814
92	1292199	1292372
93	1529730	1529636
94	741448	741285
95	1956867	1956728
96	568111	568299
97	706408	706237
98	525569	525458
99	1564726	1564926
100	230206	230111
101	1283336	1283198
102	775506	775376
103	793209	793087
105	333036	333264
106	790877	790744
107	1172401	1172560
108	491504	491373
109	1064962	1065156
110	803727	803625
111	483032	483243
112	847688	847604
113	859507	859392
114	417248	417132
115	1861638	1861828
116	420082	419949
117	56636	56831
118	985104	984984
119	1971689	1971901
120	1819069	1818917
121	1822220	1822115
122	2072836	2072688
123	313335	313480
124	2019467	2019353
125	1191693	1191579
126	209293	209170
127	1991443	1991591
128	857494	857401
129	581307	581224
130	1434636	1434506
131	312785	312649
132	861081	861256
133	703890	703724
134	1058387	1058575
135	1631233	1631492
136	1879163	1879074
137	845235	845132
138	1946466	1946659
139	445281	445176
140	842134	842033
141	906663	906568
142	250168	250080
143	120424	120363
144	1133888	1133725
145	765440	765319
146	42999	43180
148	1661877	1661729
149	145659	145539
150	422821	422639
151	1641840	1641739
152	941932	942122
153	835746	835624
154	1256231	1256121
155	411609	411819
156	1461339	1461541
157	1271101	1270958
158	1405719	1405579
159	1998483	1998332
160	1657968	1657819
161	1962274	1962177
163	1329983	1329861
164	145168	145003
165	792501	792702
166	1100975	1100849
167	889545	889415
168	818361	818538
169	1389397	1389252
170	1314716	1314602
171	37545	37399
172	357862	357747
173	1857966	1857837
174	862401	862302
176	1907802	1907668
177	1621131	1621296
178	535040	534934
179	1116481	1116420
180	625366	625555
181	1305909	1306103
182	1108450	1108351
183	278881	278729
184	1694130	1694012
185	2091353	2091226
186	1030664	1030561
187	483745	483950
188	1549700	1549548
189	1775952	1775796
190	532412	532300
191	1384600	1384788
196	345020	344891
197	572003	571889
198	553647	553548
199	2015894	2015767
200	1977099	1976966
201	250927	250799
202	1202199	1202067
203	1621011	1620884
204	688662	688837
205	1368579	1368467
206	145319	145159
207	1007448	1007304
208	1504653	1504551
209	1753491	1753400
210	1038295	1038139
211	1177231	1177133
212	536076	535948
213	1296445	1296636
214	791442	791340
215	1404413	1404230
216	1510196	1510055
217	1377496	1377406
218	746836	746730
219	120638	120530
220	505341	505198
221	548026	547880
222	1271850	1271741
223	1825119	1824943
224	822058	821966
225	368337	368210
226	1740650	1740876
227	1079655	1079532
228	469181	469023
229	914303	914510
230	1192695	1192888
231	966010	965883
232	1272031	1272231
233	959188	959087
234	1826541	1826416
235	1296296	1296187
236	1832725	1832924
237	993879	993777
238	666082	665956
239	2044680	2044866
240	386805	386710
241	364969	364819
242	979239	979142
243	992687	992503
244	920010	920195
245	995713	995617
246	1431856	1431779
247	562536	562781
249	184090	183976
250	977497	977338
252	243752	243650
253	35126	35010
254	109216	109113
255	1099527	1099411
256	739073	738988
257	410653	410552
258	350171	350014
259	131895	131705
260	521877	521755
261	1296724	1296653
262	1821932	1821865
263	1200712	1200585
264	1315941	1315785
265	1036768	1036677
267	906781	906604
268	129898	129731
269	24168	24071
270	1099770	1099649
271	723517	723388
272	1440271	1440205
273	397757	397643
274	889114	888998
275	601822	601680
276	2062052	2062260
277	1340970	1340843
278	958595	958468
279	151101	151003
280	551896	551752
281	1998710	1998613
282	190872	190749
283	1858312	1858482
284	612109	611977
285	388912	388788
286	1275772	1275962
287	35768	35960
288	1554875	1554764
289	1042966	1043231
290	1605672	1605556
291	1426247	1426463
292	647165	647020
293	422130	421990
294	895103	895271
295	1003446	1003366
296	690333	690229
297	184801	184663
298	686235	686078
299	320197	320067
300	1029933	1030136
301	1133051	1133239
302	900268	900121
303	2005263	2005485
304	1344049	1343890
305	106381	106580
306	1091084	1090975
307	1812188	1812089
308	908206	908073
309	2009562	2009751
310	572709	572583
311	1563009	1562852
312	134888	134767
314	1397880	1397789
315	381820	381997
316	1089542	1089386
317	715088	715253
318	1148558	1148460
319	743107	742934
320	447517	447413
322	957949	957835
323	1932883	1932744
324	1082726	1082586
325	412051	411949
326	1707918	1707749
327	1648539	1648427
328	2018725	2018625
329	1497727	1497915
330	144506	144397
331	547154	547303
332	563064	563267
333	1272659	1272841
334	1233884	1234104
335	1246310	1246166
336	926383	926297
337	270848	270676
338	1573063	1572951
339	1121877	1121762
340	655606	655490
341	1962208	1962116
342	558370	558221
343	1898863	1898761
344	1131271	1131143
345	1104835	1104619
346	1270665	1270524
347	92843	92706
348	51704	51555
349	1374547	1374400
350	1829752	1829697
351	1065988	1065847
352	1088937	1088843
353	642103	642307
355	190907	190724
356	1270776	1270973
357	20901	20745
358	1377801	1377721
359	1695538	1695413
360	895418	895318
362	778421	778311
363	1822799	1822655
364	378491	378675
365	406784	406697
366	390626	390821
367	986888	986735
368	1801135	1801025
369	1815882	1815767
370	1897304	1897160
371	1760504	1760387
372	1333541	1333436
373	958679	958544
374	1456668	1456539
375	1876400	1876299
376	1296103	1296302
377	661616	661848
378	1262979	1262884
379	910439	910331
380	708142	708362
381	831295	831520
382	1384653	1384526
383	750264	750433
384	1399162	1399348
385	1757679	1757569
386	710341	710262
387	1586108	1586002
388	1755322	1755476
389	2060263	2060128
390	1695187	1695073
391	1044600	1044508
392	1564529	1564756
393	1799895	1799769
398	856644	856472
399	1312258	1312125
400	1154619	1154859
401	293262	293152
402	824841	824741
403	1927927	1928134
404	128558	128453
405	718018	717861
406	2041437	2041379
407	719017	719218
408	565223	565098
409	1315608	1315442
410	390482	390670
411	234063	234257
412	1844382	1844287
413	1126152	1126342
414	248237	248104
415	674467	674336
416	294249	294437
417	1399836	1399721
418	1105600	1105823
419	1254854	1254779
420	1085549	1085725
421	1166207	1166365
422	1379906	1379819
423	559361	559546
424	1147314	1147164
425	117723	117571
426	310646	310615
427	956441	956631
428	1390220	1390098
429	950500	950695
430	529718	529611
435	1377640	1377530
436	109108	108901
437	1504184	1504399
438	483814	483617
439	1539845	1540080
440	1322206	1322094
441	429171	429104
442	505112	505341
443	1504573	1504438
444	345364	345205
445	1660533	1660411
446	1853575	1853482
447	1323169	1323394
448	1403785	1403629
449	1218841	1218746
450	1191561	1191461
451	236457	236304
452	95743	95617
453	61925	61820
454	2059534	2059391
455	1124759	1124964
456	719045	718939
461	769027	768919
462	1896637	1896534
463	2070694	2070532
464	1104371	1104221
465	1438035	1438215
466	1496191	1496076
467	513372	513563
468	385288	385147
469	1422696	1422588
470	176602	176800
471	2057595	2057404
474	970163	970048
475	1973046	1972942
476	272968	272827
477	1447671	1447868
478	428514	428420
479	1250010	1249897
480	28228	28113
481	56271	56169
482	1915873	1915741
483	2049027	2049200
484	1095133	1095027
485	1471416	1471352
486	1658141	1657999
487	361472	361341
488	28910	28811
489	201376	201606
490	983831	983731
491	1386897	1386791
492	1635767	1635679
493	415651	415510
494	633769	633628
495	1252744	1252619
496	1741084	1740961
497	700188	700081
499	92353	92243
500	1450056	1449932
501	699389	699529
502	992320	992205
503	526451	526354
504	223828	224000
505	1627557	1627736
506	270061	270264
507	221985	221865
508	495211	495436
509	990087	990000
510	413264	413450
511	622896	622786
512	811536	811401
513	1864931	1865138
514	622702	622615
515	430684	430893
516	387004	386866
517	781714	781577
518	131362	131533
519	468284	468189
520	325308	325195
521	654055	653949
522	1017384	1017299
523	312550	312394
524	685906	686081
525	1420938	1420836
526	1043831	1043712
527	1990869	1991044
528	22330	22231
529	1447633	1447525
530	1911928	1911857
531	1901658	1901562
532	374784	374966
533	1725828	1725716
534	1878939	1878834
535	261013	260898
537	1825949	1825857
538	844665	844552
539	1340480	1340710
540	2077861	2077779
541	172253	172107
546	1981372	1981246
547	890312	890255
548	1041200	1041101
549	79222	79109
550	182812	182682
551	1356847	1356770
552	592039	591933
553	809910	810117
554	235679	235562
555	1568806	1569005
556	860950	860799
557	1429574	1429779
558	1778546	1778737
559	1947136	1947022
560	1827075	1826964
561	270930	270771
562	875840	875737
563	977383	977274
564	103905	103803
565	586251	586143
566	811592	811451
567	349448	349680
568	1921809	1922021
569	27178	27394
570	1824344	1824571
571	1314018	1313922
572	1320853	1320719
573	1565835	1565688
574	720783	720674
575	1197936	1197832
576	1239003	1238877
577	1609592	1609473
578	384681	384559
579	1871006	1870877
580	631280	631458
581	1965556	1965435
582	852503	852394
587	732308	732191
588	1675213	1675099
589	212918	213131
590	1398517	1398402
592	946803	946699
593	473082	473285
594	211917	211827
595	351625	351512
596	877318	877211
597	1436993	1436907
598	1443972	1443852
599	1831814	1832001
600	791910	791769
601	1634378	1634285
602	1048586	1048484
603	1670922	1670812
605	1992984	1992854
606	1034347	1034215
607	1447928	1448114
608	557584	557778
609	1606245	1606128
610	1151046	1150935
611	1117356	1117231
612	1650284	1650187
613	473142	473037
614	1626681	1626872
615	1897588	1897466
616	465191	465088
617	486444	486688
618	1891127	1891007
619	892297	892141
620	1557859	1557751
621	1402379	1402262
622	431149	431030
623	1040415	1040317
624	1242545	1242404
625	389481	389383
626	1863961	1863860
627	1681842	1681720
628	1332323	1332208
629	1324287	1324149
630	1669240	1669095
631	1953071	1952956
632	1081144	1081023
633	873940	874160
634	672530	672394
635	1914811	1914656
636	575491	575655
637	263152	262995
638	1066711	1066579
639	2065940	2065816
640	1212900	1213103
641	1761335	1761217
642	901959	902172
643	557426	557303
644	1184772	1184722
645	1001086	1000967
646	11169	11060
647	1431916	1431721
648	1547117	1546989
649	166747	166602
650	1064769	1064623
651	1042716	1042567
652	1988846	1988717
653	1126476	1126363
654	1122617	1122546
655	2062295	2062212
656	454201	454395
657	732773	732614
658	32620	32812
659	1980609	1980484
660	411392	411293
661	2069588	2069424
662	2060425	2060646
663	967802	968025
664	826761	826662
665	1061720	1061563
666	247255	247116
667	1863420	1863263
668	273936	273827
669	571916	571795
670	1344624	1344535
671	1666774	1666660
672	386587	386800
673	1345997	1346200
674	389463	389666
675	117594	117501
677	788637	788466
678	1215323	1215199
679	1868168	1868364
680	1453698	1453612
681	344913	344819
682	416399	416265
683	577818	577662
684	1096569	1096391
685	603502	603376
686	470020	470221
687	614442	614301
688	335809	335718
689	1042589	1042767
690	422695	422543
691	782903	783096
692	855232	855112
693	78025	77938
694	2087168	2087074
695	527577	527459
696	1451411	1451335
697	21546	21411
698	960022	959922
699	680453	680333
700	635273	635183
701	1118199	1118064
702	1053760	1053968
703	1023164	1023052
704	798979	798892
705	1885784	1885995
707	1087444	1087317
708	1990818	1990700
709	1953580	1953451
710	1793935	1794147
711	313876	313731
712	1402858	1402793
713	1291857	1291700
714	1916499	1916378
715	947941	947830
716	870013	869872
717	682939	682789
718	503633	503524
719	1719756	1719665
720	1848613	1848483
721	425691	425565
722	1389554	1389416
723	876157	876039
724	1564077	1563948
725	1208701	1208589
726	1693931	1693818
727	633681	633905
728	780775	780636
729	1642448	1642332
730	271869	271751
731	1605014	1605199
732	2065675	2065884
733	888771	888638
734	628660	628516
735	1382831	1382717
736	1836282	1836510
737	545363	545252
738	1334955	1334871
739	1199599	1199449
740	1275837	1275767
741	694688	694584
743	259888	259784
744	604651	604464
745	474031	473893
746	1587867	1588070
747	1890831	1890677
748	309262	309166
749	409930	409815
750	1485906	1486167
751	823820	823678
752	1766747	1766723
753	1253669	1253556
754	215620	215842
755	1509304	1509512
756	786235	786119
757	235391	235288
758	342569	342445
759	1400010	1399905
760	480719	480869
761	147545	147735
762	1380570	1380447
763	1088583	1088742
764	1677521	1677411
765	1765610	1765466
766	916814	916652
767	531563	531444
768	835373	835248
769	1399750	1399694
770	1755047	1754943
771	1874753	1874628
772	798986	798870
773	1277927	1277811
774	884705	884588
775	1899282	1899112
776	1699105	1698994
777	453590	453481
778	1164125	1164303
779	1698753	1698632
780	770698	770865
781	1066875	1066762
782	843355	843236
785	796829	796719
786	334486	334338
787	1256381	1256601
788	78416	78229
789	1789588	1789479
790	1214413	1214314
791	371719	371565
792	1604624	1604838
793	282829	282710
794	344612	344491
795	1500573	1500455
796	613638	613548
797	1427790	1427979
798	143261	143142
799	605509	605421
800	1429889	1429800
801	684429	684270
802	1899394	1899285
803	917703	917580
804	1601898	1602075
806	2069720	2069927
807	1503583	1503440
808	1714377	1714270
809	1722590	1722447
810	1451725	1451623
811	779093	778992
812	2070315	2070209
813	1302680	1302879
814	372911	372845
815	66595	66478
816	674688	674566
817	1137143	1137026
818	92006	92213
819	1277941	1278114
820	1088546	1088807
821	1249355	1249552
822	81918	81770
823	1630276	1630178
824	1101865	1101695
825	61722	61612
826	1677270	1677540
827	326922	326759
828	68596	68805
829	18746	18629
830	1553249	1553083
831	25446	25645
832	89309	89488
833	943783	943669
834	850749	850567
835	177448	177346
836	1760726	1760566
837	1051029	1051237
839	218030	218239
840	1850635	1850444
841	1579127	1579009
842	603133	603632
843	842446	842344
844	1953645	1953560
845	126486	126691
846	800462	800705
847	1430211	1430077
848	1103251	1103173
849	20271	20107
850	1845615	1845490
851	1143936	1143827
852	733811	733629
853	1283427	1283329
854	1645019	1644845
855	1655712	1655902
856	414876	414693
857	72406	72267
858	550011	549895
859	281289	281144
860	1798583	1798821
861	795525	795387
862	1893032	1892884
863	1756868	1757040
864	1714831	1714709
865	2085547	2085395
866	46163	46423
867	2014851	2014740
868	83274	83178
869	1740585	1740494
870	1937287	1937165
871	88827	88723
872	57566	57432
873	1848327	1848528
874	195455	195336
875	1833270	1833125
876	602863	602753
877	720403	720544
878	251201	251403
879	1957453	1957334
880	672571	672755
881	1503329	1503525
882	1317891	1317771
883	1694391	1694252
884	1923469	1923318
885	1171305	1171123
886	45680	45577
887	1927049	1926945
888	857965	857837
889	2018863	2019047
891	443721	443600
892	1538824	1538729
893	522293	522201
894	29157	29356
895	1833930	1833852
896	1986437	1986264
897	652349	652240
898	898219	898116
899	1806229	1806117
900	1767531	1767383
901	589528	589382
902	2052616	2052526
903	1153915	1153805
904	1383642	1383827
905	1512649	1512510
906	710732	710930
907	499698	499897
908	1648507	1648706
909	911234	911127
911	1554307	1554136
912	1748134	1748035
913	1601593	1601492
914	1445793	1445737
917	2082437	2082327
918	253660	253607
919	419891	419791
920	1973151	1973051
921	1064942	1065173
924	1846672	1846875
925	39814	40073
926	522828	522728
927	448776	448681
928	309983	309864
929	1584413	1584291
930	1099364	1099598
931	1619676	1619877
932	1298552	1298464
933	613325	613190
934	1090491	1090683
935	1260576	1260760
936	521476	521338
937	656241	656116
938	1483520	1483410
939	1486778	1486636
940	1625589	1625479
941	312734	312629
942	1272015	1272190
943	198208	198078
944	1366111	1366007
945	1131481	1131352
946	1098141	1097978
947	2008761	2008633
948	1775525	1775723
949	1931027	1930904
950	501381	501276
952	1224526	1224414
953	1448966	1448802
954	1029138	1029023
955	1148101	1147980
956	1343903	1344115
957	448463	448337
958	1694740	1694623
959	657091	656964
960	1374988	1374851
961	269371	269241
962	680515	680389
963	2019954	2019844
964	2053090	2052924
965	788958	789140
966	425754	425988
967	247975	247839
968	1957172	1957329
969	982026	981880
970	527145	527050
971	256975	257141
972	1950369	1950335
973	1256896	1256800
974	1567871	1567758
975	828946	828805
976	947503	947397
977	1338162	1338366
978	337589	337495
979	73520	73405
980	837043	836934
981	1934947	1934837
982	2009976	2009820
983	344413	344308
984	714079	713968
985	1681678	1681864
986	919796	919558
987	450013	449884
988	1552226	1552088
989	483331	483521
990	523620	523507
991	1077135	1077005
992	1796897	1797076
993	2026117	2025999
994	221378	221264
995	305417	305604
996	477730	477613
997	422910	423079
998	1023979	1024248
999	1972035	1971924
1000	595111	594985
1001	1407120	1407007
1002	957201	957115
1003	1902997	1902890
1004	611627	611621
1005	814166	814064
1006	115170	115031
1007	1665072	1665036
1008	1620700	1620483
1009	319055	318954
1010	1689195	1689006
1011	89128	89330
1012	1455995	1455887
1013	1192089	1191989
1014	1661667	1661536
1015	911790	912001
1016	213850	214100
1017	1680590	1680474
1018	699893	700087
1019	363427	363277
1020	1624760	1624603
1021	1421739	1421626
1022	357833	357650
1023	794628	794470
1024	1925494	1925367
1025	369814	370028
1026	1046697	1046598
1027	421906	421777
1028	354461	354681
1029	917263	917156
1030	1304549	1304451
1031	1916670	1916575
1032	39380	39260
1033	1126681	1126561
1034	1532685	1532523
1035	1565774	1565930
1036	1160049	1160267
1037	142958	142868
1038	2090801	2090676
1039	1577333	1577200
1040	1944240	1944445
1041	624701	624583
1042	1220730	1220646
1043	1537434	1537440
1044	84455	84353
1045	1165548	1165750
1046	2050502	2050351
1047	539621	539787
1048	1991618	1991460
1049	449721	449622
1051	1474475	1474335
1052	1158949	1158840
1053	1411184	1411346
1054	1809055	1808921
1055	2047491	2047379
1056	1696522	1696437
1057	1245651	1245498
1058	1820302	1820477
1059	188340	188218
1060	921442	921256
1061	1750061	1750077
1062	250793	250640
1063	23544	23372
1064	1691533	1691385
1065	1241592	1241491
1066	101280	101163
1067	1852862	1852752
1072	172882	172731
1073	744676	744546
1074	993143	993025
1075	1509128	1509315
1076	1289730	1289911
1077	1236851	1236709
1078	1956799	1956710
1079	1219125	1219316
1080	488811	488985
1081	930892	930805
1082	698977	698846
1083	1303373	1303249
1084	300116	300036
1085	1407905	1407757
1086	1555374	1555248
1087	1341192	1341078
1088	172854	172721
1089	504461	504348
1090	1194977	1194851
1091	1227705	1227570
1092	217111	216985
1093	1687623	1687498
1094	621863	622055
1095	1444394	1444580
1096	1182451	1182300
1097	841794	841978
1098	875664	875561
1099	1697770	1697666
1100	1158313	1158484
1101	1437351	1437205
1102	1530230	1530075
1103	1615267	1615124
1104	946477	946704
1105	1604835	1605082
1106	1632483	1632353
1107	1182087	1181956
1108	1989794	1989613
1109	1187709	1187908
1110	1314536	1314425
1111	529975	529838
1112	1404953	1404818
1113	1298429	1298256
1114	847502	847377
1115	1340444	1340319
1116	540021	539907
1117	198615	198426
1118	1009135	1008982
1119	652310	652170
1120	361129	361311
1121	1680088	1680238
1122	161700	161881
1123	572199	572084
1124	189614	189484
1125	1511695	1511546
1126	1101676	1101527
1127	706169	706363
1128	1228363	1228271
1129	15370	15261
1130	606932	606825
1131	1378887	1378749
1132	1503769	1503689
1133	1985389	1985576
1134	146519	146371
1135	456126	456307
1136	1928219	1928124
1137	1938469	1938305
1138	2003481	2003358
1139	996957	996842
1140	693949	693787
1141	226063	225917
1142	2083134	2083047
1143	1562416	1562618
1144	2058104	2058314
1145	29981	29892
1146	1976342	1976180
1147	1794670	1794545
1148	476425	476304
1149	949932	949755
1150	997716	997597
1151	1801222	1801101
1152	1137050	1136960
1153	291035	290933
1155	738864	738710
1156	2038124	2038308
1157	694022	693848
1158	819846	820009
1159	990651	990490
1160	2009483	2009305
1161	1066578	1066438
1162	795062	795259
1163	804899	805085
1164	717132	717006
1165	1834284	1834189
1166	1974562	1974790
1167	1542640	1542444
1168	359437	359324
1169	870926	870777
1170	57833	57687
1171	919953	919811
1172	1472399	1472300
1173	1030953	1030823
1174	1598064	1597943
1175	97723	97628
1176	1003625	1003472
1177	1183323	1183206
1178	832457	832366
1179	796409	796618
1180	1914551	1914440
1181	1505474	1505314
1182	614147	614337
1183	37456	37289
1184	1558645	1558505
1185	1672932	1672792
1186	13896	13769
1187	550620	550809
1188	1576318	1576499
1189	1250699	1250598
1190	1607772	1607664
1191	1510246	1510085
1192	1377320	1377170
1193	41973	41849
1194	1335035	1334863
1195	733726	733603
1196	1665448	1665338
1197	1126267	1126152
1198	2086614	2086453
1199	952406	952290
1200	1216091	1216275
1201	1908448	1908315
1202	1034422	1034267
1203	332654	332535
1204	407346	407636
1205	899484	899373
1206	122445	122347
1207	76198	76053
1209	1824482	1824315
1210	1681924	1681793
1211	956362	956247
1212	563412	563570
1213	1777066	1776962
1214	822111	822297
1215	1905698	1905559
1216	146466	146323
1217	1534611	1534812
1218	501204	501400
1219	1196562	1196440
1220	277890	277796
1221	179207	179074
1222	1490991	1491170
1223	1420883	1420772
1225	992247	992157
1226	2060362	2060239
1227	837525	837363
1228	687620	687803
1229	2089036	2088932
1230	1560679	1560564
1231	206670	206554
1232	1861046	1860956
1233	400876	401100
1234	113305	113188
1235	1340742	1340639
1236	53555	53430
1237	573612	573862
1238	1884909	1884813
1239	903604	903437
1240	1638973	1638844
1241	1424724	1424618
1242	856621	856795
1243	46503	46394
1244	1613783	1613684
1245	381484	381351
1246	1930908	1930801
1247	1653927	1654091
1248	1781973	1781834
1249	351743	351602
1250	1338316	1338202
1251	1541903	1541747
1252	862825	862709
1253	731256	731092
1254	1358050	1357927
1255	355700	355558
1256	1349536	1349425
1257	504897	505082
1258	1304741	1304969
1259	1916527	1916411
1260	641805	641687
1261	1484226	1484146
1262	592713	592629
1263	1871078	1870960
1264	485849	485712
1265	1169247	1169101
1266	306437	306321
1267	1512550	1512423
1268	1281351	1281214
1269	1512646	1512470
1270	624105	623965
1275	415093	414964
1276	1043371	1043310
1277	1617046	1616923
1278	1268856	1268687
1279	246677	246613
1280	26001	25899
1281	523086	522983
1282	415211	415059
1283	346667	346494
1284	789246	789119
1285	1172838	1173038
1286	44620	44806
1287	421221	421410
1288	1859375	1859240
1289	1983660	1983558
1290	183058	182939
1291	1772057	1771950
1292	327754	327615
1293	1591117	1591002
1294	1835497	1835359
1295	1483129	1483019
1296	636939	636843
1297	456384	456571
1298	1342578	1342781
1299	423565	423732
1300	580406	580185
1301	144549	144430
1302	1742074	1742264
1303	286338	286240
1304	1124000	1123880
1305	317870	317766
1306	2077890	2077813
1307	258645	258524
1308	1039286	1039122
1309	2048071	2048255
1310	1978331	1978210
1311	863393	863307
1312	1182672	1182581
1313	1788161	1788361
1314	604708	604594
1315	904385	904268
1316	117314	117210
1317	1162506	1162696
1318	1249434	1249322
1319	897260	897177
1320	266356	266195
1321	830556	830786
1322	440871	440795
1323	117723	117619
1324	1415438	1415636
1326	1048133	1047994
1327	105161	105009
1328	1461732	1461614
1329	2089169	2089017
1330	1632947	1633133
1331	2044704	2044915
1332	1517713	1517937
1333	37369	37258
1334	560481	560370
1335	994863	994750
1336	840223	840421
1337	968037	967956
1338	1205614	1205812
1339	1031035	1030944
1340	199806	199623
1341	1168094	1167973
1342	876339	876567
1343	1420643	1420530
1344	1963021	1962880
1345	2062052	2061912
1346	2050200	2050055
1347	1371156	1371007
1348	468773	468985
1349	96838	96705
1350	1556962	1556798
1351	1275686	1275569
1352	1912914	1912790
1353	1354836	1354727
1354	948973	948846
1355	371072	370968
1356	1843482	1843359
1357	1766522	1766389
1358	1524651	1524536
1359	689652	689490
1361	384783	384661
1362	522782	522656
1363	979524	979426
1364	811099	810992
1365	769935	769819
1366	912785	912938
1367	926052	925942
1368	1505592	1505450
1369	289871	290077
1370	982765	982623
1371	709941	709791
1372	1253900	1253777
1373	57843	57626
1374	833435	833367
1375	1334680	1334856
1376	2009163	2009037
1377	1322736	1322615
1378	1512124	1512025
1379	1532287	1532160
1380	2030968	2030868
1381	1994533	1994370
1382	409665	409511
1383	477316	477518
1384	91246	91139
1385	1649771	1649620
1386	1605573	1605456
1387	819913	819807
1388	1952848	1952737
1389	73457	73347
1390	1693545	1693443
1391	720569	720459
1392	296802	297030
1393	1969829	1969710
1394	624475	624342
1395	93264	93140
1396	1480848	1480794
1397	333551	333480
1398	189313	189488
1399	217563	217445
1400	580615	580449
1401	1307030	1307213
1402	1892637	1892815
1403	1220479	1220343
1404	636668	636562
1405	1820356	1820255
1406	1148680	1148866
1407	2015546	2015776
1408	616838	616734
1409	122852	122752
1410	154924	154773
1411	20909	20818
1412	884901	884832
1413	1324009	1323871
1414	711443	711275
1415	782077	781995
1416	1408779	1408985
1417	1750320	1750205
1418	1114590	1114435
1419	1440121	1439986
1420	1933330	1933539
1421	624305	624509
1422	77496	77372
1423	1769747	1769987
1424	846027	845811
1425	1478815	1478690
1426	79549	79459
1427	646904	646799
1428	1092714	1092575
1429	870011	869902
1430	852487	852698
1431	1037356	1037234
1432	1112507	1112402
1433	708952	708846
1434	1046835	1046671
1435	1470528	1470430
1436	1833589	1833459
1437	1858968	1858802
1438	551205	551127
1443	1066921	1067135
1444	1606842	1606762
1445	497713	497603
1446	303641	303543
1447	541546	541390
1448	2042971	2043166
1449	518552	518418
1450	1599694	1599590
1451	886893	886723
1452	1943075	1942962
1453	298916	298753
1454	912498	912711
1455	514797	514981
1456	947994	947867
1457	1642240	1642105
1458	1540793	1540681
1459	985427	985323
1460	193129	193020
1465	1431232	1431129
1466	73765	73609
1467	1234933	1235100
1468	1136540	1136389
1469	844797	845013
1470	133624	133507
1471	103315	103185
1472	773905	773799
1473	2092132	2092322
1474	1411509	1411351
1475	2056282	2056178
1476	1524157	1523987
1477	836921	836843
1478	1058245	1058099
1479	1600601	1600819
1480	130611	130446
1481	1166624	1166560
1482	1270748	1270636
1483	1463375	1463565
1484	913592	913462
1486	396823	397016
1491	496263	496465
1492	1003768	1003665
1493	1051805	1052003
1494	1248388	1248243
1495	2083104	2082973
1496	1728212	1728035
1497	883824	883725
1498	683483	683369
1499	1375257	1375105
1500	1964357	1964209
1501	948102	947985
1502	39305	39152
1503	1515590	1515431
1504	893381	893260
1505	1795981	1795884
1506	689509	689358
1507	1752646	1752567
1508	691137	690980
1509	867862	867707
1510	1252067	1251914
1511	1198296	1198127
1512	1305073	1304881
1513	889443	889630
1514	1251039	1250962
1515	376754	376634
1516	2007832	2007724
1517	76541	76393
1518	1789483	1789684
1519	732108	732012
1520	583738	583585
1521	596621	596798
1522	1960144	1960334
1523	1280184	1280357
1524	1971261	1971128
1525	964536	964758
1526	546854	546724
1527	696065	695920
1528	1445925	1445804
1529	371065	371252
1530	2018737	2018664
1531	667444	667316
1532	1308798	1308666
1533	1108857	1108657
1534	1413097	1412993
1535	1787202	1787089
1536	1534313	1534134
1537	247169	247043
1538	1063186	1063053
1539	1803078	1802915
1540	1864911	1864751
1541	1322177	1322018
1542	590767	590615
1543	1657922	1658112
1544	1260591	1260472
1545	782530	782801
1546	1839596	1839489
1547	1379271	1379145
1548	393269	393155
1549	1248631	1248530
1550	1281173	1281008
1551	1376195	1376417
1552	616096	615960
1553	386498	386716
1554	535771	535975
1555	895409	895269
1556	443089	442985
1557	301842	301695
1558	1253011	1252887
1559	305061	304901
1560	1996421	1996327
1561	428749	428629
1562	1746600	1746520
1563	578712	578915
1564	1849451	1849338
1565	623223	623097
1566	1443523	1443367
1567	1550443	1550277
1568	832579	832411
1569	657186	657027
1570	2005153	2004987
1571	1819115	1818969
1572	304079	303982
1573	593513	593703
1574	827899	827749
1575	899917	899791
1576	619183	619366
1577	917077	917251
1578	1006491	1006353
1579	270921	270723
1580	905698	905586
1581	1272991	1272942
1582	1436628	1436472
1583	558177	558049
1584	2059370	2059236
1585	1373800	1373646
1586	23029	22914
1587	22721	22565
1588	1555001	1554862
1589	1549047	1548940
1590	1607066	1606972
1591	729495	729345
1592	152574	152458
1593	1851844	1851787
1594	763180	762992
1595	1078269	1078145
1596	550091	550281
1597	1891047	1890946
1598	790133	789993
1599	533567	533462
1600	1192457	1192663
1601	1589853	1590037
1602	1646905	1646800
1603	1951444	1951298
1604	1873397	1873295
1605	730896	730754
1606	285266	285124
1607	1633771	1633638
1608	541957	541854
1609	623267	623515
1610	572294	572186
1611	20180	20025
1612	642237	642135
1613	961433	961342
1614	1936877	1936774
1615	1784207	1784073
1616	1182479	1182329
1617	1991558	1991409
1618	14011	13899
1619	1914519	1914380
1620	962412	962289
1621	117560	117436
1622	688208	688122
1623	1531974	1531856
1624	1130843	1130753
1625	732075	731940
1626	1359807	1359672
1627	630962	631157
1628	699721	699595
1629	968876	969095
1630	260860	260755
1631	1420493	1420335
1632	1039019	1038895
1633	1105155	1105013
1634	1881305	1881207
1635	903895	903737
1636	67517	67375
1637	190390	190288
1638	426055	425942
1639	2015684	2015594
1640	1689519	1689365
1641	580284	580481
1642	1656396	1656315
1643	1945607	1945463
1644	1771223	1771113
1645	1295921	1295816
1646	752315	752220
1647	1497402	1497631
1648	2016298	2016184
1649	1400600	1400845
1650	1038658	1038501
1651	897092	896955
1652	2068562	2068486
1653	714214	714366
1654	512335	512227
1655	1156828	1156703
1656	1864276	1864170
1657	2047103	2046965
1658	1873050	1872951
1659	2016548	2016392
1660	338978	338840
1661	791925	791799
1662	1202162	1201989
1663	92009	91871
1664	1769270	1769141
1665	1236130	1236294
1666	963034	963239
1667	1745274	1745112
1668	384324	384517
1669	666369	666265
1670	234877	235105
1671	1423531	1423398
1672	1015385	1015549
1677	1873958	1873831
1678	337645	337531
1679	1535074	1534932
1680	912995	912866
1681	2088010	2087871
1682	1058797	1058701
1683	1949355	1949235
1684	717125	717321
1685	227550	227433
1686	140618	140509
1687	1478684	1478502
1688	259348	259196
1689	1221683	1221561
1690	679408	679616
1691	865334	865196
1692	1054983	1055187
1693	359336	359241
1694	1921404	1921242
1695	680707	680588
1696	1471365	1471155
1697	195523	195409
1698	23882	23746
1699	436733	436909
1700	1368912	1368795
1704	328628	328480
1705	1177780	1177634
1710	1512003	1511859
1711	2047399	2047276
1712	1242561	1242439
1713	1152338	1152192
1714	791922	791761
1715	36088	35946
1716	749779	749730
1717	1874046	1873964
1718	1373278	1373159
1719	1267839	1267739
1720	755929	755839
1721	1301443	1301323
1722	458612	458484
1723	969650	969517
1724	1972998	1972854
1725	1411841	1411743
1726	999818	999732
1727	422538	422334
1728	489956	489857
1729	1345286	1345153
1730	709917	709785
1731	207637	207457
1732	10386	10254
1733	2070500	2070326
1734	489229	489122
1735	1269321	1269515
1736	351712	351585
1737	1635642	1635552
1738	95238	95122
1739	1560147	1560055
1740	266568	266441
1741	113491	113364
1742	1546754	1546920
1743	1458635	1458883
1744	1028397	1028210
1745	2032193	2032091
1746	1915910	1915773
1747	1447371	1447232
1748	713367	713255
1749	1406189	1406091
1750	1599116	1599313
1751	228066	227910
1752	716477	716370
1753	2068309	2068205
1754	498950	498828
1755	127483	127345
1756	893099	892941
1757	165034	164938
1758	587814	587696
1759	510872	510731
1760	1617188	1617063
1762	585331	585238
1763	581120	581019
1764	837949	837821
1765	2028897	2028787
1766	1416826	1416729
1767	391671	391498
1768	1713321	1713165
1769	775408	775258
1770	1168289	1168494
1771	2030593	2030518
1772	1267469	1267679
1773	1301889	1301763
1774	291111	291307
1775	179686	179913
1776	449798	449701
1777	1281843	1282042
1778	352293	352175
1779	1585064	1584952
1780	1478793	1478730
1781	865477	865709
1782	2050551	2050441
1783	1823668	1823849
1784	1624226	1624112
1785	666318	666213
1786	1119469	1119333
1787	554642	554535
1792	408157	408406
1793	1295869	1296077
1794	286051	285968
1795	109787	109646
1796	700201	700388
1797	890398	890329
1798	75652	75844
1799	16344	16267
1800	1520280	1520224
1801	983549	983423
1802	1461470	1461358
1803	234365	234553
1804	636113	635994
1805	1562794	1562664
1806	960639	960475
1807	493245	493416
1808	914547	914754
1810	1314853	1314702
1811	68676	68532
1812	1735658	1735505
1813	1559860	1559775
1814	1453799	1453698
1815	1457358	1457199
1816	1538470	1538401
1817	1791362	1791242
1818	673957	673789
1819	858945	859127
1820	1273273	1273121
1821	1459475	1459389
1822	1685212	1685038
1823	725074	724964
1824	819151	819043
1825	225000	225192
1826	253936	253812
1827	300348	300177
1828	734982	734795
1829	777517	777360
1830	653632	653842
1831	2031585	2031443
1832	1380819	1380701
1833	1352049	1351945
1835	819789	819629
1836	1274821	1274728
1837	1642118	1642294
1838	1780350	1780180
1839	263072	263270
1840	47935	47836
1841	1622410	1622285
1842	953305	953560
1843	909781	909939
1844	42850	42737
1845	1099146	1098995
1846	2038506	2038363
1847	778221	778130
1848	1979771	1979634
1849	1828154	1828047
1850	1682880	1682740
1851	913674	913570
1852	1791224	1791048
1853	1405369	1405248
1854	962479	962314
1855	1982221	1982104
1856	171963	171789
1857	1167466	1167346
1858	908386	908277
1859	1115267	1115456
1860	605303	605159
1862	102747	102973
1863	1972945	1972839
1864	2026361	2026229
1865	1415563	1415438
1866	240313	240195
1867	962310	962175
1868	2025060	2024919
1869	1817533	1817416
1870	1727744	1727650
1871	1666736	1666557
1872	1139917	1139771
1873	1722189	1722051
1874	1176485	1176337
1875	563485	563357
1876	1967060	1966958
1877	1232064	1231950
1878	1911666	1911563
1879	1874921	1874798
1880	1453441	1453307
1881	1828757	1828925
1882	1592352	1592212
1883	2020514	2020361
1884	1319001	1318910
1885	1563394	1563262
1886	864952	865147
1887	1490561	1490441
1888	922246	922111
1889	487122	487011
1890	908312	908227
1891	1536497	1536362
1892	1341225	1341088
1893	1802877	1802759
1894	821312	821173
1895	1815860	1815718
1896	1250045	1249903
1898	1691787	1691620
1899	294774	294669
1900	1825795	1825957
1901	1867602	1867464
1902	602386	602256
1903	1938325	1938218
1904	1971101	1971007
1905	1643552	1643786
1906	1429788	1429647
1907	1484554	1484468
1908	848293	848196
1910	1363990	1363863
1911	387204	387076
1912	699923	699822
1913	921260	921122
1914	411559	411474
1915	383693	383563
1916	1722704	1722590
1917	933532	933333
1918	1092863	1092696
1919	107527	107384
1920	284531	284699
1921	255862	255729
1922	1831221	1831442
1923	1312164	1312353
1924	1956111	1955954
1925	713506	713408
1926	958283	958156
1927	1879095	1879010
1928	988348	988173
1929	1625906	1625807
1930	313578	313793
1931	1167991	1167916
1932	737808	737687
1933	543157	543015
1934	1223104	1222998
1935	439641	439823
1936	677436	677357
1937	1664301	1664123
1938	1305378	1305684
1939	1898044	1897947
1940	1492907	1492817
1941	1135167	1135440
1942	1568037	1567924
1943	687107	686969
1944	480168	480010
1946	104096	103991
1947	1529221	1529444
1948	1239271	1239139
1949	240058	239963
1950	643767	643671
1951	725254	725042
1952	598283	598434
1953	1812344	1812235
1954	1523784	1523984
1955	1049732	1049567
1956	536781	536654
1957	1774103	1773946
1959	1258704	1258597
1960	1921760	1921658
1961	1666899	1666780
1962	992104	991971
1963	1475819	1475733
1964	1981093	1981255
1965	735141	735324
1966	1408764	1408613
1967	82035	82213
1968	884244	884054
1969	757984	758202
1970	1160765	1160659
1971	509311	509183
1972	904013	904219
1973	606705	606620
1974	1989619	1989466
1975	1425190	1425100
1976	201057	200958
1977	1040926	1040805
1978	1719634	1719815
1979	1382420	1382329
1980	365541	365403
1981	586574	586409
1983	1712656	1712842
1984	728199	728387
1985	1269664	1269852
1986	274130	274305
1987	1106010	1105901
1988	1132392	1132295
1989	1546179	1546071
1990	1142004	1142186
1991	2086845	2086726
1992	481935	481803
1993	206446	206261
1994	692611	692474
1995	1584225	1584126
1996	641628	641469
1997	1026567	1026395
1998	44555	44772
1999	1195769	1195625
2000	76206	76119
2001	1734099	1734299
2002	1781065	1780968
2003	954525	954681
2004	773418	773312
2005	575355	575298
2006	1617389	1617227
2007	1708852	1708711
2008	1942414	1942250
2009	702960	702820
2010	308308	308219
2011	1980496	1979977
2012	294708	294537
2013	85771	85633
2014	1662563	1662442
2015	1167367	1167561
2016	1467098	1466983
2017	212746	212620
2018	1749477	1749693
2019	1808806	1808673
2020	1348164	1348018
2021	413791	413641
2022	165588	165784
2023	1424167	1424067
2024	1996880	1996725
2025	129294	129161
2026	1017089	1017288
2027	264338	264232
2028	1534611	1534883
2029	1383270	1383165
2030	342696	342560
2031	1060723	1060667
2032	1623796	1623677
2033	981249	981149
2034	967825	967722
2035	1228469	1228309
2036	108538	108445
2037	552271	552463
2038	1665415	1665309
2039	266207	266122
2040	1064671	1064515
2041	2072463	2072353
2042	1837383	1837273
2043	11757	11617
2044	1888828	1888715
2045	1163059	1162986
2046	248134	248023
2047	630235	630130
2048	1328852	1328773
2049	1392096	1391964
2050	802690	802563
2051	1053620	1053535
2052	1977202	1977024
2053	1664718	1664532
2054	841038	840923
2055	1479734	1479646
2056	433545	433411
2057	523230	523086
2058	104734	104609
2060	600028	600225
2061	1220670	1220580
2062	811726	811631
2063	628664	628534
2064	1743007	1743182
2065	1119552	1119424
2066	1425469	1425367
2071	1233752	1233642
2072	924397	924323
2073	458820	458680
2074	958357	958266
2075	1206543	1206754
2076	1290118	1290007
2077	369207	369449
2078	1187727	1187586
2079	437025	436920
2080	61699	61896
2081	1665689	1665567
2082	1973586	1973785
2083	139317	139525
2084	1224558	1224427
2085	2052610	2052479
2086	1162623	1162829
2087	359340	359552
2088	1664334	1664514
2089	1057911	1058058
2090	1085551	1085443
2091	255332	255236
2092	1314169	1314034
2093	1072651	1072555
2094	553138	552998
2095	1447330	1447204
2096	1248088	1247968
2097	1036290	1036159
2098	96087	95956
2099	400456	400306
2100	1260158	1260034
2101	554141	554054
2102	1696245	1696158
2103	1106515	1106434
2104	852867	852764
2105	581494	581338
2106	941130	941315
2107	93642	93516
2108	375415	375303
2109	913176	913006
2110	1723015	1722888
2111	172159	172046
2112	1027970	1028186
2113	1571002	1570913
2114	192398	192282
2115	1065162	1065345
2116	44999	44890
2117	1263617	1263483
2118	818628	818498
2119	63528	63735
2120	566149	566048
2121	819509	819393
2122	341284	341482
2123	1051080	1051266
2124	1744742	1744642
2125	1554441	1554328
2126	115371	115252
2127	1626692	1626893
2128	117423	117612
2129	1651802	1651983
2130	539591	539435
2131	1208746	1208667
2132	1052617	1052525
2133	891134	891037
2134	1215319	1215227
2135	1559947	1560134
2136	83043	82921
2137	2062352	2062513
2138	1635135	1634987
2139	1677307	1677199
2140	1232789	1232723
2141	952761	952650
2142	1745225	1745108
2143	1624041	1624220
2144	1448229	1448208
2145	577576	577468
2146	1347519	1347444
2147	1003085	1002922
2148	1523499	1523364
2149	23093	22980
2150	134639	134508
2151	1491036	1490931
2152	49387	49232
2153	1424997	1424861
2154	187799	187996
2155	845459	845369
2156	857367	857259
2157	1920615	1920507
2158	100723	100899
2159	815632	815512
2160	1690340	1690205
2161	1453342	1453257
2162	167430	167620
2163	206046	205954
2164	1039015	1038890
2165	1093552	1093754
2166	28743	28585
2167	1590391	1590253
2168	1657761	1657656
2169	1840016	1839903
2170	1068245	1068106
2171	838635	838534
2172	209568	209463
2173	1797337	1797188
2174	19917	19799
2175	1069962	1070137
2177	1598120	1597988
2178	1046694	1046534
2179	902573	902482
2180	1361962	1361852
2181	911302	911568
2182	1038268	1038163
2183	757481	757678
2184	1619187	1619044
2185	1798059	1797939
2186	50069	49893
2187	1412852	1412737
2188	1827085	1826991
2189	144338	144211
2190	1037979	1037855
2191	1769629	1769526
2192	1832085	1831943
2193	1467750	1467944
2194	100766	100607
2195	373792	373682
2196	566641	566831
2197	1488848	1488742
2198	1008601	1008492
2199	957774	957647
2200	367667	367549
2201	1432011	1431896
2202	1759261	1759151
2203	1834654	1834838
2204	394864	394699
2205	482731	482528
2206	1721986	1721851
2207	1731542	1731826
2208	255689	255580
2209	219573	219779
2210	1945567	1945439
2211	755035	755220
2212	126616	126482
2213	509179	509081
2214	256108	255948
2215	1684225	1684119
2216	849938	850174
2217	1801989	1802175
2218	1424586	1424784
2219	407023	406848
2220	1550882	1550766
2221	68030	67885
2222	744988	744870
2223	877746	877926
2224	156898	157080
2225	1536290	1536181
2226	677384	677262
2227	543656	543617
2228	1938865	1938781
2229	96997	97176
2231	672952	672844
2232	87462	87348
2233	1759581	1759448
2234	1372747	1372587
2235	1833150	1833335
2236	1128175	1128077
2237	661040	660878
2238	554688	554575
2239	1849979	1849874
2240	430989	431198
2241	2063455	2063372
2242	1882615	1882513
2243	1143974	1143862
2244	1483780	1483650
2245	163654	163829
2246	458427	458320
2247	1227284	1227122
2248	813710	813919
2249	1897379	1897292
2250	2030275	2030155
2251	788484	788358
2252	665811	665717
2253	487424	487315
2254	1185291	1185191
2255	771593	771480
2256	420101	419973
2257	1642037	1641870
2258	467487	467377
2259	327845	327707
2260	112172	112046
2261	1723512	1723690
2262	77153	77344
2263	1447897	1447735
2264	2021442	2021342
2265	1868851	1868733
2266	115558	115703
2267	1803876	1803768
2268	976083	975933
2269	519682	519529
2270	289957	290161
2271	292132	291991
2272	1426356	1426230
2273	1247919	1247788
2274	1329175	1329070
2275	1239559	1239747
2276	1294583	1294499
2277	498732	498575
2278	1630528	1630763
2279	1918231	1918420
2280	1285252	1285124
2281	213531	213434
2282	1561164	1561007
2283	797682	797911
2284	394539	394411
2285	480913	480768
2286	1739112	1739018
2287	1221650	1221513
2288	1524283	1524259
2289	573288	573488
2290	17507	17366
2291	1200302	1200476
2292	1008081	1007987
2293	1609158	1609032
2294	1700600	1700437
2295	1443565	1443419
2296	1855258	1855449
2297	452801	452694
2298	1289999	1289855
2299	899859	900096
2300	1363564	1363739
2301	1353228	1353431
2302	1716606	1716498
2303	765839	765697
2304	1052340	1052211
2305	2027167	2027047
2306	657042	656891
2307	1098822	1098684
2308	1405677	1405952
2309	1275255	1275145
2310	1574442	1574332
2311	1108929	1108808
2312	1674845	1674684
2313	1461305	1461209
2314	1149213	1149056
2315	781185	781049
2317	1714947	1714709
2318	1463981	1463843
2319	1416388	1416263
2320	320596	320522
2321	1282545	1282397
2322	856966	856781
2323	14659	14551
2324	309743	309633
2325	1403476	1403381
2326	283660	283461
2327	1104487	1104357
2328	1820692	1820585
2329	959188	959018
2330	395203	395392
2331	674631	674495
2332	609007	609189
2333	1892844	1892753
2334	777513	777352
2335	840624	840521
2336	1213028	1212925
2337	889031	888918
2338	463566	463409
2339	1046205	1046119
2340	954672	954887
2341	84467	84375
2342	215692	215611
2343	1387481	1387710
2344	459929	459774
2345	341958	341883
2346	1366391	1366278
2347	1855960	1855877
2348	2093374	2093304
2349	972483	972396
2350	2036922	2036771
2351	1241765	1241647
2352	1761200	1761056
2353	841624	841516
2354	63132	63010
2355	1578315	1578578
2356	1994768	1994958
2357	553507	553395
2358	245068	244951
2359	178920	178785
2360	1874475	1874357
2361	757668	757592
2362	1944774	1944965
2363	476805	476667
2364	1255254	1255122
2365	1320110	1319958
2366	1096070	1096267
2367	1145658	1145528
2368	1183876	1183760
2369	364978	364880
2370	1355681	1355546
2371	2042459	2042356
2372	466962	466841
2373	420483	420349
2374	1215015	1215209
2375	982374	982206
2376	1933797	1933639
2377	2078557	2078744
2378	807917	807858
2380	1260538	1260406
2381	2003075	2003254
2382	1468803	1468981
2383	1081325	1081178
2384	1876169	1876063
2385	528213	528101
2386	1739241	1739416
2387	232322	232146
2388	1406087	1405999
2389	1166794	1166691
2390	1681345	1681224
2391	455941	455851
2392	537793	537609
2393	368211	368097
2394	1782515	1782409
2395	1277679	1277555
2396	1617415	1617266
2397	1443973	1443880
2398	1007384	1007250
2399	1854115	1853954
2400	1331255	1331101
2401	831694	831586
2402	2059748	2059923
2403	1083499	1083419
2404	170147	169997
2405	1050188	1050355
2406	1849263	1849116
2407	1960129	1960031
2408	1160189	1160403
2409	770446	770295
2410	13352	13238
2411	1232288	1232133
2412	152966	153159
2413	1891854	1892058
2414	454150	454042
2415	576083	575949
2416	1024844	1024717
2417	1558807	1558746
2418	1135825	1135723
2419	1345230	1345125
2420	1277045	1276919
2422	652751	652657
2423	903430	903329
2424	1867985	1867863
2425	128937	128792
2426	759657	759549
2427	2018108	2018021
2428	362607	362536
2429	1900786	1900743
2430	607475	607363
2431	132018	131889
2432	832898	833076
2433	1777010	1776952
2434	1893631	1893570
2436	1465272	1465445
2437	568731	568600
2438	222631	222521
2439	981199	981050
2440	901554	901413
2441	813221	813449
2442	767554	767458
2443	1271449	1271312
2444	688037	688238
2445	1436393	1436245
2446	2010957	2010876
2447	56914	57120
2448	520708	520565
2449	717531	717383
2450	1650663	1650844
2451	395794	395619
2452	2029447	2029299
2453	1615241	1615147
2454	477196	477074
2455	1120413	1120586
2456	680425	680274
2457	1031319	1031279
2458	1409217	1408920
2459	538576	538461
2460	1734850	1734700
2461	282976	282899
2462	1965571	1965777
2463	1449084	1448903
2464	1864334	1864215
2465	92622	92505
2466	1104188	1104068
2467	1130342	1130518
2468	1946491	1946357
2469	1499522	1499415
2470	944203	944077
2471	71422	71604
2472	664489	664357
2473	1780002	1779857
2474	631637	631491
2475	1356485	1356356
2476	1074453	1074329
2477	772386	772257
2478	1989475	1989367
2479	668333	668206
2480	162335	162536
2481	706007	706208
2482	2057058	2056913
2483	726633	726487
2484	850163	850022
2485	2066280	2066466
2486	1229234	1229136
2487	72419	72297
2488	499329	499199
2489	1657528	1657408
2490	1518218	1518119
2491	430133	430032
2492	501702	501575
2493	140147	140028
2494	1525153	1525018
2495	482158	482018
2496	998112	998011
2497	558337	558217
2498	1839065	1838939
2499	1274871	1274752
2500	89325	89242
2501	778928	778807
2502	50400	50286
2503	961733	961970
2504	183966	183865
2505	1202939	1203115
2506	1504685	1504603
2507	1776773	1776952
2508	15493	15415
2509	1634834	1634719
2510	373091	373010
2511	374761	374649
2513	326158	326045
2514	1755120	1755019
2515	663704	663572
2516	2014317	2014220
2517	587615	587493
2518	1259007	1259197
2519	1336548	1336421
2520	107177	107087
2521	201291	201469
2522	1138004	1137896
2523	402999	403217
2524	16204	16375
2525	1001561	1001487
2526	1961988	1961865
2527	1294330	1294521
2528	1521372	1521542
2529	918978	918842
2530	2074552	2074463
2531	1951718	1951524
2532	588119	588349
2533	235962	235779
2534	1506942	1506839
2535	1972039	1971916
2536	16728	16580
2537	1620405	1620592
2538	481406	481614
2539	728948	728782
2540	1074630	1074539
2541	81370	81227
2542	664528	664386
2543	1438804	1438651
2544	1676269	1676150
2545	212203	212079
2546	2033850	2033740
2547	1140577	1140428
2548	991516	991406
2549	1682746	1682608
2550	1596176	1596017
2551	370995	370880
2552	689068	688906
2553	1668191	1668385
2554	1164148	1163984
2555	1792047	1791895
2556	401185	401060
2557	437994	437872
2558	1240599	1240442
2559	1734974	1735157
2560	415640	415553
2561	1071721	1071589
2562	915946	915798
2563	1897286	1897175
2564	1991744	1991936
2566	735420	735261
2567	1602130	1602033
2568	1176846	1176706
2569	1267310	1267172
2570	1164562	1164437
2571	992392	992268
2572	764274	764135
2573	448706	448864
2574	2058601	2058818
2575	1969130	1969042
2576	1423208	1423093
2577	970587	970479
2578	1939000	1938867
2579	2066396	2066580
2580	179721	179552
2581	404239	404086
2582	1810418	1810282
2583	984950	984871
2584	880606	880834
2585	1918678	1918591
2586	1211502	1211404
2587	217400	217583
2588	383210	383100
2589	516759	516608
2590	910648	910487
2591	305760	305594
2592	1558119	1558004
2593	327219	327420
2594	1792107	1791966
2595	404785	405017
2596	1928741	1928619
2597	671835	671655
2598	159194	159407
2599	996027	995827
2600	699881	699724
2601	427963	427771
2602	1144835	1145038
2603	1354509	1354351
2604	2090765	2090974
2605	656384	656271
2606	1315798	1315689
2607	51701	51556
2608	2050238	2050138
2609	1806297	1806139
2610	226530	226775
2611	1487758	1487959
2612	322861	322683
2613	577956	578141
2614	590371	590293
2615	72912	72776
2616	1626928	1626826
2617	1939621	1939514
2618	2071014	2070909
2619	804701	804904
2620	670167	670010
2621	1477335	1477207
2622	670119	670013
2623	164095	163932
2624	1326349	1326509
2626	1266438	1266627
2627	1403681	1403565
2628	368662	368552
2629	334998	335174
2630	2055981	2055867
2631	319612	319421
2632	657688	657577
2633	1159491	1159387
2634	1666600	1666509
2635	1872000	1871851
2636	1407602	1407798
2638	1430734	1430586
2639	2069224	2069084
2640	607717	607603
2641	1764079	1763941
2642	1961208	1961095
2643	1082604	1082459
2644	245645	245859
2645	278137	278040
2646	612072	612319
2647	943898	944173
2648	90543	90457
2649	1379533	1379419
2650	1567247	1567442
2651	905200	905408
2652	1196076	1195975
2653	94838	94759
2654	1498081	1497961
2655	1662918	1663154
2656	481794	481976
2657	2009255	2009132
2658	595753	595980
2660	1307307	1307138
2661	950379	950213
2662	670384	670278
2663	1027333	1027536
2664	524762	525012
2665	1123473	1123360
2666	1955739	1955634
2667	2085009	2085246
2668	1973637	1973821
2669	51723	51625
2670	757814	757698
2671	200976	200853
2672	82277	82152
2674	843466	843669
2675	698994	698892
2677	1224465	1224360
2678	1122828	1122706
2679	580111	579982
2680	367165	367013
2681	889887	889712
2682	905630	905539
2683	801182	801052
2684	992518	992358
2685	332719	332596
2686	1518620	1518768
2687	1731650	1731515
2688	1789514	1789392
2689	2042852	2042680
2690	689637	689491
2691	290100	289985
2692	1622317	1622535
2693	697840	697739
2694	594964	594845
2695	1336623	1336475
2696	867069	866978
2697	994078	994341
2698	1985308	1985500
2699	1956441	1956639
2700	1636420	1636290
2701	422873	422786
2702	367356	367179
2703	1394213	1394134
2704	1735958	1735780
2705	1960076	1960239
2706	456482	456303
2707	1260685	1260605
2708	292002	291844
2709	790760	790643
2711	43501	43382
2712	1390810	1390744
2713	136176	136038
2714	2030380	2030273
2715	479630	479510
2720	331202	331090
2721	1225735	1225910
2722	946186	946044
2723	2006461	2006363
2724	1734709	1734547
2725	857993	857851
2726	349484	349698
2727	362571	362455
2728	1457152	1457332
2729	61227	61115
2731	18309	18221
2732	714452	714341
2733	1500310	1500169
2734	246794	246999
2735	263947	263855
2736	1528020	1527888
2737	2083348	2083246
2738	420613	420463
2739	1518971	1519160
2740	644050	643882
2741	1719745	1719948
2742	1029175	1029065
2743	1565150	1565375
2744	204450	204391
2745	1696497	1696331
2746	1705805	1705597
2747	1159932	1159817
2748	84981	84865
2749	645827	646055
2750	546071	545982
2751	1853599	1853802
2752	2061361	2061266
2753	839636	839466
2754	465690	465556
2755	1305503	1305372
2756	95401	95575
2757	1347173	1347362
2758	1128957	1128837
2759	1534277	1534141
2760	2065491	2065367
2761	1705177	1705047
2762	1703175	1703009
2763	816912	816787
2764	939795	939657
2765	1428765	1428654
2766	1905289	1905425
2767	1179376	1179262
2768	1208675	1208547
2769	842512	842370
2770	604301	604167
2772	1859034	1858878
2773	1744303	1744188
2774	1512809	1512712
2775	966240	966441
2776	490425	490646
2777	406484	406333
2778	609264	609167
2779	2073567	2073402
2780	1303047	1302879
2781	918153	918031
2782	1220172	1220022
2783	218642	218530
2784	584360	584267
2785	1549227	1549099
2786	1546049	1545957
2787	1091561	1091768
2788	447978	448184
2789	1026578	1026471
2790	1432800	1432706
2791	987253	987111
2792	917799	917742
2793	631323	631493
2794	431237	431122
2795	809028	808888
2796	834162	834045
2797	702822	703050
2798	798307	798159
2799	2016205	2016088
2800	1192137	1192342
2801	1738913	1738822
2802	563792	563684
2803	262884	262724
2804	48002	48244
2805	308823	308719
2806	578940	578812
2807	646009	645876
2808	1165197	1165084
2809	1888757	1888588
2810	236034	235910
2811	2083348	2083186
2812	1633269	1633171
2813	92871	92702
2814	1404621	1404534
2815	1428184	1428061
2816	628115	628309
2817	1405164	1405042
2818	52110	52016
2819	611074	610935
2820	1521074	1520972
2821	374788	374991
2822	57096	57260
2823	442099	442259
2824	465382	465210
2825	382737	382615
2826	952096	952018
2827	588678	588563
2828	1426218	1426108
2829	254253	254085
2830	1422463	1422288
2831	1782778	1782972
2832	1031933	1031809
2833	615489	615337
2835	1540691	1540872
2836	1817108	1816983
2837	380102	379969
2838	984077	983891
2839	934573	934455
2844	387142	386984
2845	580116	580013
2846	255268	255150
2847	1662703	1662501
2848	902419	902294
2849	1034932	1034774
2850	1223664	1223553
2851	1058735	1058609
2852	1635550	1635393
2853	1626712	1626598
2854	721863	721796
2855	106823	106673
2856	692506	692398
2857	1758498	1758705
2858	155276	155120
2859	868939	868817
2860	815004	814829
2861	836339	836213
2862	766076	765946
2863	1233080	1233002
2864	899673	899531
2865	545028	544907
2866	418970	418791
2867	1101883	1101791
2868	1522011	1521882
2873	1817870	1817769
2874	1114641	1114530
2875	1421689	1421883
2876	1986626	1986486
2877	2087577	2087447
2878	123828	123713
2879	1183248	1183458
2880	208621	208505
2881	1439174	1439041
2882	2054164	2054041
2883	648640	648477
2884	1987149	1987035
2885	1193729	1193631
2886	1190882	1191143
2887	509244	509151
2888	1541935	1542157
2889	421345	421233
2890	1711826	1711660
2891	354197	354052
2892	344866	344767
2893	1023602	1023518
2894	2036512	2036740
2895	1918959	1918850
2896	825820	825713
2897	412990	412916
2898	1422227	1422051
2899	1438339	1438247
2900	1928821	1928726
2901	905132	904996
2902	1943379	1943553
2903	243121	243022
2904	579573	579442
2905	1248418	1248327
2906	1298076	1298351
2907	50865	50765
2908	1803671	1803511
2909	1366229	1366439
2910	1493873	1493735
2911	348630	348492
2912	1293194	1293064
2913	90919	91125
2914	745880	746068
2915	539246	539152
2916	1908467	1908350
2917	1686573	1686473
2918	526033	526235
2919	597968	597837
2920	1669002	1669231
2921	1409686	1409564
2922	787313	787218
2923	718542	718331
2924	107063	106933
2925	786730	786593
2926	1858369	1858140
2927	143001	142843
2928	1977184	1977038
2929	634214	634136
2930	1046388	1046230
2931	317897	317785
2932	342788	342665
2933	1966460	1966302
2934	703772	703689
2935	378006	377857
2936	1348796	1348714
2937	649957	649843
2938	526547	526401
2944	204107	204325
2945	364722	364913
2946	1302466	1302704
2947	1580426	1580272
2948	1539497	1539406
2949	602873	602770
2950	727195	727068
2951	81007	81199
2952	1270693	1270591
2953	1813624	1813470
2954	762099	761971
2955	276992	276883
2956	518029	518230
2957	1582775	1582729
2958	1534855	1535031
2959	1345243	1345464
2960	438725	438608
2961	1348489	1348340
2962	1883542	1883443
2963	956055	956230
2964	1859360	1859249
2965	1368319	1368223
2966	2094456	2094293
2967	1295337	1295222
2968	128921	128772
2969	1771586	1771445
2970	2091615	2091505
2971	1136708	1136543
2972	354683	354516
2973	582043	581920
2974	1177386	1177297
2975	1660198	1660101
2976	1364374	1364264
2977	1137767	1137620
2978	1498649	1498543
2979	516223	516091
2980	1922371	1922232
2981	1042169	1042054
2982	1087444	1087608
2983	1543263	1543587
2984	676084	675973
2985	1345379	1345256
2986	841191	841088
2987	1360910	1360792
2988	548963	549163
2989	1886174	1886064
2990	1442926	1442802
2991	1863364	1863264
2992	1179072	1178976
2993	1697238	1697110
2994	476029	475901
2995	1658428	1658282
2996	485655	485478
2997	1579234	1579120
2998	551847	552020
2999	1367067	1366909
3000	610501	610357
3001	685542	685405
3002	630976	631158
3003	1186091	1185984
3004	572023	571903
3005	1940505	1940389
3006	914593	914416
3007	183632	183486
3008	49081	48950
3009	1217246	1217111
3010	978472	978330
3011	742447	742345
3012	1419893	1419790
3013	348861	348704
3014	336624	336845
3015	565156	565028
3016	1340670	1340566
3017	1845410	1845262
3018	1472193	1472066
3019	1751616	1751498
3020	1881710	1881616
3021	78936	78791
3022	1705217	1705406
3023	1238391	1238283
3024	1410681	1410575
3025	1841974	1841861
3026	793365	793277
3028	1820678	1820848
3029	1535067	1534977
3030	46536	46718
3031	1924452	1924366
3032	966030	965856
3033	1199056	1198939
3034	134814	134717
3035	1053620	1053502
3036	601928	602147
3037	1315453	1315722
3038	157187	157093
3039	1969656	1969537
3040	195049	194927
3042	808067	807976
3043	1797420	1797326
3044	224234	224425
3045	916837	916720
3046	1100879	1100738
3047	1571185	1571055
3048	2051091	2051326
3049	775210	775073
3050	1087556	1087454
3051	907450	907395
3052	1883829	1883719
3053	1251152	1251348
3054	473475	473630
3055	1782751	1782968
3056	516375	516295
3057	1301063	1300967
3058	1179991	1180187
3059	2089720	2089577
3060	297981	297834
3062	277495	277333
3063	1088368	1088580
3064	84088	84290
3065	1531679	1531539
3066	438593	438496
3067	1441476	1441381
3068	1194291	1194176
3069	1416184	1416078
3070	875135	875015
3071	1945454	1945327
3072	198855	198742
3073	2001321	2001204
3074	452832	453021
3075	1349539	1349417
3076	107241	107111
3077	981866	981755
3078	821262	821444
3080	1909039	1908866
3081	1498789	1498609
3082	1262932	1262823
3083	1180337	1180247
3084	763718	763612
3085	736125	735935
3086	1418799	1418673
3087	1249860	1249754
3088	1419212	1419096
3089	734163	734054
3090	314591	314494
3091	1090965	1091207
3092	719899	719807
3093	1815122	1814987
3094	759523	759729
3095	1605751	1605598
3096	301675	301577
3097	762450	762333
3098	293789	293985
3099	1003786	1003612
3100	1758203	1758111
3101	512680	512611
3102	94353	94529
3103	1261532	1261398
3104	996467	996375
3105	214613	214506
3106	1579311	1579207
3107	1270860	1270727
3108	1298035	1297932
3109	1624428	1624611
3110	32361	32249
3111	545135	545307
3112	945990	945849
3113	691358	691551
3114	318162	318053
3115	1285221	1285133
3116	1470447	1470333
3117	1805764	1805673
3118	1131818	1131991
3119	664051	663873
3120	1404272	1404156
3121	1517368	1517203
3122	1352859	1352716
3123	528545	528748
3124	702931	702804
3125	1458680	1458914
3126	1818615	1818817
3127	1773048	1773260
3128	501094	500954
3129	370222	370066
3130	703893	703725
3131	885514	885341
3132	587195	587061
3133	1652598	1652512
3134	932466	932652
3135	1878617	1878469
3136	655202	655045
3137	1673875	1673731
3138	618429	618653
3139	1368736	1368605
3140	507811	507986
3141	594238	594150
3142	226729	226644
3143	458854	458843
3144	178945	178846
3145	846008	845858
3146	11891	11787
3147	1721126	1720969
3148	1507355	1507211
3149	1974290	1974122
3150	1260417	1260294
3151	1305123	1305002
3152	85846	86035
3153	724012	723919
3154	446675	446495
3155	1326691	1326611
3156	888350	888535
3157	1935165	1934998
3159	685830	685640
3160	876299	876197
3162	626275	626142
3163	904114	903988
3165	1334508	1334343
3166	1940148	1940031
3167	745167	745049
3168	1035779	1035609
3169	1718713	1718598
3170	1566632	1566539
3171	1364721	1364610
3172	1374383	1374274
3173	918868	918754
3174	341927	341815
3175	1206710	1206876
3176	1278171	1278050
3177	533728	533618
3178	176414	176322
3179	1275898	1276070
3180	1471167	1471043
3181	382375	382234
3182	1360523	1360445
3183	464519	464393
3184	1241925	1241799
3185	369842	369678
3186	140332	140187
3187	1006042	1005963
3188	1181337	1181172
3189	1688785	1688983
3190	1504914	1504799
3191	571265	571470
3192	370672	370579
3193	1886394	1886305
3194	1858328	1858217
3195	524310	524227
3196	357020	356870
3197	962868	962740
3198	30574	30423
3199	799350	799272
3200	1489205	1489395
3201	2091664	2091536
3202	371279	371155
3203	1006002	1005987
3204	83957	83810
3205	1653949	1653844
3206	1812404	1812307
3207	622501	622402
3208	1053218	1053074
3209	1051557	1051450
3210	1436733	1436601
3211	352907	352775
3212	178125	178018
3213	83563	83453
3214	443868	443741
3215	1417563	1417451
3216	96864	96795
3217	1704473	1704666
3218	265101	265264
3219	1872758	1872600
3220	49447	49284
3221	1893380	1893229
3222	1882672	1882530
3223	1675956	1675811
3224	1148413	1148318
3225	2003192	2003103
3226	1874025	1873895
3227	234724	234619
3228	842265	842130
3229	618437	618292
3230	407981	407828
3231	847983	847891
3232	249828	249728
3234	249047	248910
3235	525199	525094
3236	266991	266895
3237	1120387	1120263
3238	184362	184249
3239	1336874	1336738
3240	664608	664498
3241	383884	383794
3242	1546572	1546801
3243	1172219	1172373
3244	1289571	1289771
3245	1283199	1283414
3246	1603444	1603324
3247	1161715	1161597
3248	1399837	1399727
3253	1151050	1151260
3254	372317	372209
3255	2070881	2070745
3256	171760	171944
3257	896878	896731
3258	1243540	1243351
3259	1801516	1801372
3260	301872	302077
3261	392133	392034
3262	1309183	1309363
3263	1412699	1412580
3264	1497958	1497834
3265	1108187	1108039
3266	1990047	1989888
3267	309964	309827
3268	1046020	1045879
3269	1608099	1608000
3270	1140953	1140807
3271	973947	973805
3272	1757960	1758151
3273	1497319	1497158
3274	855539	855396
3275	435909	436070
3276	2021948	2022120
3277	553564	553430
3278	242774	242605
3279	842949	843153
3280	773136	773028
3281	268821	268703
3282	622510	622406
3283	494905	495091
3284	1107520	1107365
3285	1226271	1226497
3286	11055	10976
3287	292710	292604
3288	723962	724154
3289	1772183	1772093
3290	1476246	1476079
3291	497442	497319
3292	53787	53666
3293	591084	591265
3294	1266905	1266772
3295	773932	773784
3296	257193	257089
3297	679977	679862
3298	1037921	1038116
3299	63371	63258
3300	968279	968165
3301	1564534	1564419
3302	360907	360744
3303	815082	814978
3304	1731866	1731761
3305	436017	435860
3306	578644	578549
3307	1750023	1749888
3308	1504178	1504031
3309	536141	536002
3310	735820	735689
3311	1361132	1360979
3312	1353852	1354079
3313	1539648	1539547
3314	1988785	1988661
3315	328069	327965
3316	990875	990780
3317	1482594	1482813
3318	1004169	1004067
3319	270559	270447
3320	1295007	1294871
3321	1779270	1779482
3322	1877559	1877410
3323	99575	99454
3324	1198247	1198158
3325	179216	179119
3326	553838	553754
3327	1194997	1194866
3328	1132385	1132271
3333	917438	917613
3334	646957	646781
3335	1669053	1668907
3336	744730	744580
3337	1260960	1261161
3338	449163	449015
3339	906144	906034
3340	40886	40785
3341	56623	56556
3342	1374854	1374734
3343	1735912	1735789
3344	1317555	1317436
3345	1339948	1339833
3347	2002790	2002656
3348	102650	102517
3349	1113651	1113547
3350	490983	490877
3351	775129	775022
3352	1822232	1822424
3353	2074212	2074050
3354	531621	531565
3355	1417794	1417700
3356	568257	568135
3357	37875	37796
3358	1680507	1680711
3359	1955592	1955835
3360	1976399	1976564
3361	1584833	1584725
3362	1740065	1739912
3363	1420415	1420306
3364	1671444	1671338
3365	771691	771554
3366	763625	763507
3367	118751	118932
3368	424427	424275
3372	1603184	1602999
3373	1469359	1469271
3374	395070	394989
3375	895192	895103
3377	574206	574064
3379	1789782	1789666
3380	1901884	1901783
3381	150386	150265
3382	1097086	1096930
3383	1685995	1686171
3384	34896	34782
3385	169328	169546
3386	1255124	1255041
3387	1416440	1416626
3388	1877478	1877300
3389	1884818	1885016
3390	666481	666381
3391	1663235	1663090
3392	1620082	1619954
3393	708283	708163
3394	1333989	1333844
3395	2073425	2073335
3396	463811	464026
3397	245949	245850
3398	1640589	1640486
3399	1743740	1743584
3400	695282	695112
3401	70058	69959
3402	537648	537532
3403	1976031	1975880
3404	535754	535626
3405	1531666	1531891
3406	500475	500338
3407	769104	768925
3408	203047	203263
3409	395595	395470
3411	347500	347363
3412	583451	583340
3413	607286	607170
3414	455401	455269
3415	1542957	1542831
3416	1534988	1535230
3417	802850	802734
3418	1112601	1112460
3419	503897	503736
3420	256254	256135
3421	818690	818600
3422	137360	137219
3423	1984280	1984187
3424	1631509	1631421
3425	1735394	1735310
3426	1034224	1034089
3427	1988184	1988023
3428	1460452	1460290
3429	1437298	1437199
3430	672147	671981
3431	1321884	1321712
3432	1629776	1629674
3433	1007571	1007466
3434	642672	642901
3435	170193	170373
3436	406910	406793
3437	1264164	1264062
3438	1060285	1060169
3439	1866759	1866663
3440	1042327	1042159
3441	1920600	1920477
3442	1052081	1051980
3443	1397341	1397284
3444	1302323	1302218
3445	38485	38374
3446	1105482	1105376
3447	616557	616407
3448	362877	362756
3449	1849081	1849275
3450	1439980	1439885
3451	1254437	1254307
3452	1286771	1286633
3453	896079	895972
3454	1343213	1343091
3455	323932	323819
3456	1116049	1115915
3457	1728689	1728556
3458	1902432	1902290
3459	1502459	1502658
3460	1457431	1457666
3461	1628657	1628585
3462	1605866	1605706
3463	1690812	1690725
3464	731623	731496
3465	759903	759824
3466	1032337	1032227
3467	79619	79500
3468	135875	136031
3469	106843	107032
3470	1077627	1077864
3471	13682	13558
3472	384318	384159
3473	1285959	1285850
3474	1775765	1775682
3475	860795	860640
3476	985259	985113
3477	1429252	1429147
3478	579696	579529
3479	1311350	1311293
3480	2031810	2031725
3481	57959	57794
3482	1313587	1313419
3483	1275379	1275548
3484	379058	378955
3485	152305	152159
3486	2000938	2001081
3487	573526	573369
3488	245420	245580
3489	1972942	1972812
3490	1952045	1951937
3491	257296	257191
3492	1135730	1136017
3493	727409	727239
3494	426496	426740
3495	1165827	1165706
3496	541751	541605
3497	1201434	1201288
3498	149584	149419
3499	611863	611738
3500	344403	344307
3501	1045439	1045324
3502	1258033	1257917
3503	2075189	2075077
3504	1175796	1175662
3506	397332	397186
3508	828377	828533
3509	623782	623718
3510	1721592	1721790
3511	535279	535463
3512	519638	519867
3513	415009	414902
3514	298992	298875
3515	1867178	1867070
3517	1216736	1216624
3518	1584243	1584129
3519	710965	710882
3520	685207	685067
3521	265957	265831
3522	1758750	1758666
3523	135924	135818
3524	1560083	1559908
3525	1831968	1831826
3526	2068994	2068882
3527	377863	377760
3528	1791564	1791759
3529	1627143	1627001
3530	1651185	1651017
3531	1658170	1658079
3532	221065	220967
3533	1774674	1774518
3534	1793898	1793790
3535	1137774	1137613
3536	203598	203803
3537	1779122	1779301
3538	229358	229541
3539	1972584	1972456
3540	893910	893777
3541	1634839	1634665
3542	999479	999646
3543	1192507	1192411
3544	162535	162765
3545	501599	501450
3546	1332642	1332527
3547	1357006	1357214
3548	16536	16425
3549	1032336	1032210
3550	450947	451114
3551	1371927	1371798
3552	1569847	1569638
3553	2070154	2069977
3554	1398653	1398567
3555	1490914	1491184
3557	275283	275099
3558	143431	143273
3559	957452	957349
3560	90073	89947
3561	622424	622260
3562	115906	115780
3563	1404845	1404717
3564	774671	774913
3565	880629	880481
3566	567653	567550
3567	2079024	2078931
3568	1701342	1701591
3569	1996517	1996695
3570	1031998	1031836
3571	1228427	1228284
3572	699137	699337
3573	690879	690767
3574	1791441	1791643
3575	1386323	1386190
3576	642906	642811
3577	584229	584101
3578	1304546	1304444
3579	1505370	1505281
3580	1392716	1392615
3581	953033	952893
3582	812480	812398
3583	880555	880396
3584	412607	412520
3585	1993553	1993415
3586	975080	974957
3587	1644157	1643994
3588	1632817	1632713
3589	376109	376275
3590	82168	81988
3591	1625264	1625446
3592	1359842	1359739
3593	26487	26349
3594	1170628	1170516
3595	1917151	1917064
3596	833351	833226
3597	1397155	1397088
3598	1448787	1449021
3599	2006983	2007164
3600	988558	988432
3601	439603	439789
3602	1728091	1727968
3603	912068	912248
3604	879663	879532
3605	1730909	1730784
3606	457917	458113
3607	83233	83439
3608	390514	390410
3609	757914	757797
3610	1819367	1819275
3611	1232118	1231988
3612	1398685	1398530
3613	53874	54070
3614	1204963	1204825
3615	653901	653713
3616	78573	78794
3617	1858289	1858179
3618	155986	155844
3619	1363480	1363663
3620	11602	11475
3621	725920	725771
3622	1071735	1071617
3623	654897	654793
3624	1110692	1110571
3625	471845	471719
3626	562011	561871
3627	1254017	1253910
3628	205566	205843
3629	234242	234146
3630	1159669	1159855
3631	1520669	1520548
3632	1885939	1885849
3633	668981	669162
3634	1601093	1600957
3635	971069	970903
3636	1724633	1724546
3637	544215	544088
3638	1541328	1541216
3639	1325246	1325127
3640	734475	734315
3641	1910201	1910108
3642	1611492	1611697
3643	1866547	1866429
3644	1820540	1820374
3645	1938508	1938716
3646	225642	225523
3647	72517	72406
3648	1981276	1981127
3649	1120240	1120054
3650	1654862	1654778
3651	1600470	1600286
3652	1798670	1798515
3653	654729	654931
3654	2050711	2050599
3655	1967317	1967204
3656	32194	32075
3657	2009197	2009051
3658	35491	35391
3659	68230	68414
3660	460577	460432
3661	111591	111394
3662	506195	506096
3663	1125452	1125331
3664	704834	704675
3665	1472979	1472860
3666	1524787	1524639
3667	461456	461615
3668	1516392	1516286
3669	29546	29464
3670	657448	657431
3671	320125	320007
3672	589397	589303
3673	532089	531934
3674	1702875	1702749
3675	283062	282954
3676	1078718	1078617
3677	1205817	1205687
3678	1923094	1922987
3679	42776	42676
3680	2001727	2001615
3681	727753	727587
3682	1433872	1433750
3683	695927	695791
3684	1558640	1558498
3685	1290610	1290798
3686	921294	921482
3687	1341134	1340991
3688	395556	395448
3689	538851	539005
3690	294789	294648
3691	1663725	1663626
3692	1237810	1238098
3693	1190110	1190002
3694	719296	719222
3695	1443929	1444133
3696	1802962	1802877
3697	49572	49749
3698	1782862	1782721
3699	51431	51320
3700	2049375	2049633
3701	302953	302854
3703	753747	753616
3704	710015	710240
3705	1480778	1480963
3706	763366	763543
3707	2055702	2055558
3708	1352809	1353013
3711	1612532	1612715
3712	541985	541843
3713	1465231	1465129
3714	711260	711094
3715	489562	489409
3716	1908828	1908739
3717	1150571	1150473
3718	1724181	1724368
3719	1584293	1584202
3720	1206845	1207059
3722	593095	593271
3723	1748107	1748025
3724	453042	452951
3725	397785	397967
3726	1489370	1489275
3727	174036	174230
3728	1155699	1155565
3729	816112	815950
3730	1797724	1797914
3731	748166	748063
3732	1752150	1752080
3733	1957367	1957173
3734	1822894	1822795
3735	747910	747786
3736	625968	625861
3737	1581698	1581940
3738	1872978	1872812
3739	499049	498940
3740	1315807	1315705
3741	1314561	1314741
3742	728218	728041
3743	613074	613291
3744	1275452	1275366
3745	485186	485090
3746	330509	330729
3747	745926	745829
3748	339511	339401
3749	1433137	1433024
3750	524806	524658
3751	362368	362550
3752	923129	923032
3753	1701889	1701769
3754	984118	983999
3755	1275815	1275650
3756	606237	606000
3757	1534992	1534888
3758	649485	649393
3759	1670912	1670812
3760	972396	972283
3761	1030572	1030424
3762	269419	269312
3763	159814	159685
3764	1114970	1114838
3765	1165267	1165466
3766	1646397	1646300
3767	1483211	1483412
3768	1633107	1632940
3769	1990151	1990391
3770	1892857	1892779
3771	485670	485499
3772	675645	675519
3773	1679120	1678977
3774	1172949	1172809
3775	1184275	1184145
3776	667772	667937
3777	1873857	1873725
3778	757293	757186
3779	445339	445231
3780	1892861	1892756
3781	1758518	1758404
3782	1748677	1748520
3783	1867278	1867466
3784	420349	420230
3785	1131797	1131648
3786	1953623	1953536
3787	1155397	1155304
3788	2043017	2042852
3789	891691	891874
3790	1431650	1431541
3791	1837263	1837139
3792	82744	82627
3793	1685510	1685409
3794	1982698	1982588
3795	2028799	2028982
3796	1401610	1401546
3797	1648626	1648789
3798	636833	636670
3799	1295243	1295138
3800	22807	22739
3801	775149	775033
3806	612496	612688
3807	120511	120364
3808	1063298	1063213
3809	1318612	1318503
3810	1130245	1130452
3811	251038	251220
3812	683045	682924
3813	1468029	1467904
3814	1894240	1894095
3815	109515	109407
3816	1821011	1820873
3817	1836770	1836656
3818	142063	142282
3819	137572	137483
3824	1739945	1739821
3825	394192	394069
3826	685669	685524
3827	329127	329008
3828	1755429	1755306
3829	97412	97274
3830	342343	342599
3831	1405885	1405757
3832	456763	456662
3833	514230	514111
3834	262506	262696
3835	2036578	2036742
3836	1114659	1114554
3837	2048827	2048743
3838	353897	353758
3839	778879	778783
3840	1427414	1427287
3841	699667	699824
3842	1713526	1713369
3843	1099208	1099099
3844	1053699	1053614
3845	29788	29645
3846	479339	479241
3847	165551	165382
3848	108729	108631
3849	420305	420188
3850	111472	111349
3851	930841	930735
3852	1402883	1402690
3853	1672567	1672457
3854	579284	579056
3855	1237691	1237605
3856	374351	374265
3857	1092657	1092516
3858	2035351	2035206
3859	2087741	2088022
3860	65119	65027
3861	249733	249643
3862	2083886	2084062
3863	1456807	1456664
3864	484695	484548
3865	1847345	1847255
3866	1217580	1217465
3867	717193	717112
3868	446574	446405
3869	142303	142221
3870	693194	693378
3871	2015150	2015042
3872	1691920	1691817
3873	1668128	1668004
3874	1957228	1957125
3875	1892064	1892285
3876	1815581	1815449
3877	927153	927071
3878	1585319	1585495
3879	16915	16795
3880	912308	912145
3881	1373136	1373300
3882	207923	208217
3883	353054	352932
3884	1789405	1789292
3885	1247221	1247122
3886	1433609	1433503
3889	1991233	1991112
3890	45008	44881
3891	1348149	1348029
3892	1637761	1637599
3893	431067	431294
3894	1302109	1302027
3895	376747	376646
3896	1165129	1165028
3897	644905	644788
3898	1411724	1411615
3899	1071116	1070981
3900	166186	166379
3901	176157	176009
3902	1132203	1132067
3903	1749242	1749141
3904	262539	262447
3905	1820227	1820102
3906	1282370	1282253
3907	1635359	1635555
3908	1638166	1638075
3909	1152667	1152582
3910	646995	646888
3911	1777965	1778159
3912	505819	505710
3913	168028	167911
3914	255948	255830
3915	845202	845084
3916	1267305	1267204
3917	851340	851134
3918	1607604	1607523
3919	530706	530612
3920	915472	915355
3921	2077305	2077203
3922	293598	293424
3923	1750032	1749967
3924	349705	349609
3925	1333693	1333576
3926	2068507	2068412
3927	1661868	1661754
3928	945825	946041
3929	1770494	1770364
3930	1412953	1413160
3932	1926695	1926564
3933	117220	117106
3934	317127	317015
3935	1663571	1663409
3936	1549253	1549098
3937	1904588	1904836
3938	39995	39833
3939	1880221	1880067
3940	152944	153119
3941	1695390	1695292
3942	1360441	1360340
3943	1244926	1244777
3944	235511	235417
3945	1437555	1437379
3946	1492955	1492841
3947	22063	21984
3948	530383	530573
3949	58144	58023
3950	1144487	1144367
3951	556271	556167
3952	1544761	1544598
3953	1661986	1661817
3954	590331	590503
3956	724882	725075
3957	1099100	1098951
3958	705825	705706
3959	372227	372115
3960	552258	552145
3961	950124	949972
3962	1170278	1170151
3963	1739856	1739722
3964	719432	719338
3965	1265226	1265126
3966	1265579	1265762
3967	614133	614051
3968	1840767	1840624
3969	495872	495748
3970	598115	598011
3971	482726	482600
3972	506673	506568
3973	1046367	1046263
3974	1504428	1504311
3975	1755610	1755498
3976	100709	100626
3977	341875	342026
3978	1059073	1059258
3979	851505	851387
3980	170915	170790
3981	259155	259067
3982	231975	231874
3983	1889106	1888968
3984	2001214	2001150
3985	1760653	1760544
3986	367277	367135
3987	1997750	1997629
3988	1011163	1011337
3989	622367	622561
3990	1529817	1529714
3991	2020738	2020641
3992	592535	592733
3993	1381712	1381550
3994	1824070	1823925
3995	1681621	1681502
3996	2015056	2015267
3997	817648	817848
3998	1053287	1053162
3999	1881993	1881867
4000	383637	383788
4001	294813	294682
4002	291714	291620
4003	744649	744815
4004	1948213	1948096
4005	650137	650045
4006	1264147	1264054
4007	593176	593417
4009	341997	341894
4010	236004	235871
4011	1644055	1643930
4012	796565	796773
4013	388307	387851
4014	592526	592395
4015	1840063	1839997
4016	47424	47334
4017	1234370	1234275
4018	737610	737507
4019	896345	896589
4020	806849	806680
4021	1550013	1549883
4023	1291654	1291527
4024	1918736	1918590
4025	856282	856174
4026	1800788	1800649
4027	1759196	1758991
4028	849631	849507
4029	403838	403712
4031	697576	697449
4032	59446	59383
4033	31637	31823
4034	2003167	2003337
4035	1921536	1921731
4036	226773	226989
4037	1616028	1615962
4038	11897	11756
4039	770628	770470
4040	1220877	1220751
4042	1124049	1123913
4043	461654	461555
4044	712636	712571
4045	1677861	1677737
4046	1923858	1923730
4047	1225308	1225201
4048	992477	992387
4049	799327	799200
4050	1803066	1803291
4051	803676	803889
4052	2024104	2023939
4053	1792158	1791998
4054	388669	388563
4055	148586	148439
4056	312205	312077
4057	1686447	1686664
4058	572728	572591
4059	688755	688950
4060	1153949	1153857
4061	1764632	1764504
4062	2031481	2031368
4063	892595	892444
4064	201778	201691
4065	374703	374646
4066	17875	18053
4067	1748386	1748598
4068	466462	466349
4069	623357	623268
4070	395934	395763
4071	889884	890068
4072	1534523	1534346
4073	602938	602816
4074	369807	369701
4075	42183	42045
4076	2054563	2054406
4077	1229504	1229400
4078	433645	433529
4079	439823	440062
4080	414948	414832
4081	1389339	1389240
4082	423798	423729
4083	1045325	1045102
4084	1626154	1626372
4085	1786133	1786034
4086	154808	154703
4087	667776	668008
4088	1292526	1292415
4089	1638072	1637980
4090	1444609	1444507
4091	1418456	1418406
4092	193607	193522
4093	1592161	1592418
4094	1006662	1006553
4095	753081	752980
4096	644506	644404
4097	1108448	1108382
4098	1331089	1330962
4099	457291	457185
4100	1976491	1976368
4101	455557	455436
4102	112698	112553
4103	97005	97181
4104	1572138	1571975
4105	1205642	1205537
4106	1795373	1795278
4107	1381733	1381949
4108	2059534	2059754
4109	485647	485546
4110	276548	276780
4111	2018416	2018276
4114	1856772	1856982
4115	1144402	1144242
4116	437392	437608
4117	1692601	1692773
4118	1238034	1238246
4119	1918726	1918576
4120	1072302	1072150
4121	1119367	1119196
4122	1990244	1990146
4123	766962	766879
4124	1477660	1477512
4125	1038343	1038201
4126	845054	844923
4127	1818344	1818220
4128	1527496	1527375
4129	992001	991874
4130	453506	453414
4131	1803750	1803944
4132	1120121	1120001
4133	1728957	1728839
4135	1014931	1015145
4140	1387532	1387415
4141	446937	447160
4142	39564	39455
4143	449132	449347
4144	1131446	1131356
4145	488344	488562
4146	522096	521999
4147	2019091	2018971
4148	479404	479291
4149	2037144	2037319
4150	745631	745860
4151	929346	929202
4152	1702334	1702209
4153	867165	867023
4154	592300	592546
4155	2056747	2056924
4156	287934	287822
4157	436887	436797
4158	365619	365487
4159	2005076	2005270
4160	1457911	1457823
4161	349461	349334
4162	561824	561691
4163	645162	645399
4165	1243926	1243758
4166	700919	701115
4167	1398652	1398933
4168	776765	776669
4169	1267063	1266918
4170	1941751	1941918
4171	1089416	1089257
4172	1192938	1192785
4173	1992280	1992467
4174	419675	419542
4175	267155	266992
4176	726380	726270
4177	327559	327405
4178	1330699	1330570
4179	1335036	1334967
4180	713636	713496
4181	1481669	1481592
4182	123262	123136
4183	2040352	2040197
4184	528234	528112
4185	688674	688539
4186	1032626	1032518
4187	1576797	1577034
4188	1881742	1881603
4190	941311	941199
4191	1498704	1498607
4192	933635	933499
4193	44260	44116
4194	377496	377409
4195	1241280	1241195
4196	194626	194773
4197	361424	361307
4198	1923442	1923332
4199	1834531	1834285
4200	1156085	1155970
4201	418687	418609
4202	546357	546553
4203	1455161	1455380
4204	45639	45490
4205	462039	461950
4206	939872	940079
4207	1965801	1965643
4208	1669749	1669605
4209	203831	203743
4210	1548734	1548614
4211	1089519	1089390
4212	1619307	1619205
4213	1092148	1092026
4214	880072	879900
4215	29193	29457
4216	1843845	1843758
4217	1034130	1034307
4218	156467	156666
4219	540308	540122
4220	147983	148196
4221	1777774	1777973
4222	343284	343489
4223	263832	264016
4224	1170908	1170776
4225	1106758	1106671
4226	1527760	1527961
4227	1425856	1426011
4228	1330974	1330805
4229	1671736	1671591
4230	1172893	1173103
4231	374785	375010
4232	565849	565735
4233	2086834	2086712
4234	847593	847512
4235	573099	572964
4236	54510	54383
4237	1665581	1665466
4238	166122	165966
4239	564043	563874
4240	362189	362030
4241	1807878	1807753
4242	1889215	1889416
4243	159393	159660
4244	1580513	1580367
4245	1962341	1962245
4246	1834533	1834722
4247	190220	190096
4248	701406	701589
4249	704876	704775
4250	1123096	1123356
4251	1551170	1551032
4252	512188	512000
4253	1380069	1379957
4254	1650438	1650640
4255	1748052	1747887
4256	227808	227711
4257	1589423	1589283
4258	1789121	1788981
4259	1885487	1885377
4260	1644224	1644093
4261	490298	490204
4263	618938	618776
4264	1776151	1776373
4265	1312523	1312339
4266	1609456	1609330
4267	1095231	1095130
4268	886608	886811
4269	869582	869490
4270	1809110	1809323
4271	1956884	1956768
4272	1142206	1142089
4273	1849701	1849592
4274	624668	624870
4275	438746	438930
4276	19020	18899
4277	1213967	1213862
4278	1961216	1961477
4283	1029281	1029188
4284	637839	637746
4285	932292	932209
4286	1848584	1848430
4287	1085215	1085105
4288	1608859	1609022
4289	1473887	1474162
4290	1572735	1572589
4291	720133	720075
4292	1988771	1988657
4293	463022	462889
4294	496853	496750
4295	422967	423158
4296	659813	659707
4297	523876	524125
4298	946029	945921
4299	1404020	1404207
4300	896979	897198
4301	1072281	1072183
4302	1282620	1282794
4303	1646081	1645920
4304	1605052	1604934
4305	517297	517484
4306	1603272	1603139
4307	34642	34513
4308	558409	558607
4309	407504	407406
4310	326731	326622
4311	1517055	1517227
4312	263975	263818
4313	205743	205656
4314	913972	913846
4315	1697798	1697758
4316	1892884	1892790
4317	535386	535246
4318	449484	449298
4319	1939720	1939904
4320	2068005	2068254
4321	1564571	1564781
4322	1998634	1998818
4323	358382	358241
4325	182013	181895
4326	2087617	2087467
4327	533386	533275
4328	379637	379169
4329	1458493	1458384
4330	1290669	1290569
4331	264534	264449
4332	533003	533183
4333	1169390	1169281
4334	1997075	1996892
4335	1199774	1199667
4336	1318604	1318793
4337	723343	723577
4338	110215	110131
4339	256491	256429
4340	1664163	1664040
4341	235214	235061
4342	2028845	2029053
4343	2048897	2049089
4344	577375	577627
4345	835926	836119
