event	TDC0	TDC1
1	28864	28773
2	580385	580678
3	1594589	1594484
5	1143489	1143415
6	531706	531592
7	730090	729999
8	1477935	1477784
9	352912	352823
10	237981	237876
11	1300918	1301214
12	50799	50719
13	1395938	1395791
14	1183253	1183191
15	743832	743701
16	339935	339885
17	1354258	1354177
18	1652026	1652226
19	1642965	1642906
20	1690121	1690050
21	572885	572777
22	1548600	1548528
23	1001099	1001032
24	824053	823563
25	1127955	1127858
26	1404049	1403963
27	157663	157526
28	1332491	1332436
29	1548877	1549141
30	1061110	1060970
31	1079450	1079693
32	484201	484128
33	970420	970358
34	1130766	1130689
35	1526893	1526826
36	596325	596528
38	211651	211568
39	175163	175052
41	524889	524817
44	1789403	1789302
45	1497841	1497767
46	419083	419017
48	1305526	1305296
49	1903871	1903786
50	773615	773532
51	845143	845088
52	1774141	1774068
53	1662202	1662138
54	1348653	1348614
55	252761	252998
56	1319190	1319407
57	564500	564426
58	1283430	1283288
59	1316536	1316483
60	1794285	1794168
61	1217268	1217168
62	553599	553515
63	1523001	1522889
64	291264	291192
65	1147484	1147391
66	804878	804788
67	2088802	2088738
68	1232093	1232005
69	2033006	2032921
70	448341	448571
71	1129234	1129172
72	1150370	1150282
73	713426	713349
74	1118415	1118654
75	818457	818372
76	1429462	1429392
77	650989	650873
78	632084	632019
79	1811564	1811500
80	640188	640131
81	1671093	1670984
82	1120736	1120622
83	1865166	1865094
84	151242	151467
85	1920709	1920651
86	41692	41619
87	1709346	1709264
88	716244	716187
89	594859	594736
90	297044	296955
91	1608794	1608710
92	1304401	1304336
93	1273059	1273006
94	1785504	1785497
95	1471642	1471562
96	763538	763441
97	808008	807911
98	1732501	1732365
99	46549	46677
100	1370178	1370100
101	811779	811695
102	1779396	1779339
103	595840	595714
104	1105636	1105581
105	1599437	1599357
106	1092900	1092842
107	1073414	1073716
108	1011549	1011458
109	1769918	1769854
110	1828679	1828630
111	1652073	1652033
112	541926	541828
113	896827	896727
114	696813	696751
115	72729	72628
116	399492	399435
117	1425431	1425353
118	1097975	1097894
119	1125098	1125044
120	1999605	1999529
121	573373	573269
122	149095	149016
123	1798785	1798681
124	1878902	1879192
125	25387	25303
126	1104343	1104548
128	135927	135833
129	1492547	1492439
130	380330	380273
131	1757122	1757405
132	1116060	1115965
133	2020212	2020135
134	1400911	1400833
135	1036147	1036070
136	1844068	1843976
137	319773	319701
138	1165601	1165457
139	719842	719755
140	2061360	2061289
141	1747070	1746991
142	1526673	1526576
143	193549	193469
145	2071738	2071593
146	1546381	1546679
148	728783	729062
149	903683	903609
151	1599600	1599536
152	843018	842948
153	1079895	1079796
154	784658	784560
155	1623875	1623810
156	222909	222851
157	830652	830565
158	1761788	1761699
159	1716269	1716537
160	202858	202776
161	1373454	1373368
162	1606938	1606855
163	1356399	1356336
164	1542410	1542645
165	784252	784545
166	649057	649326
167	1656631	1656586
168	345036	344966
169	967397	967283
170	552955	552693
171	956264	956481
172	798617	798563
173	727069	726992
174	1411618	1411918
175	944302	944531
176	1523628	1523558
177	1931560	1931469
178	825420	825341
179	1043250	1043177
180	1180857	1180792
181	1634457	1634628
182	403717	403637
183	1347487	1347390
184	1452126	1452034
185	1070151	1070075
186	1195906	1195853
187	1533487	1533359
188	1947273	1947557
189	1789519	1789444
190	1430370	1430664
191	1841176	1841133
192	152713	152586
193	1538338	1538240
194	1832143	1832079
195	112587	112497
196	1883696	1883566
197	1016579	1016508
198	1083531	1083737
199	589233	589174
200	620176	620071
201	435695	435634
202	342182	342100
204	831336	831271
205	1765903	1766159
206	764605	764886
207	1477756	1477696
208	771683	771603
209	2007407	2007296
210	622110	622020
211	1993347	1993319
212	2021322	2021257
213	177543	177840
214	1859645	1859545
215	56008	55903
216	71248	71138
217	1818115	1818013
218	1956413	1956673
219	219384	219452
220	239527	239453
221	1479251	1479193
222	1070094	1070375
223	10882	10787
224	982570	982548
225	1621720	1621607
226	1962822	1962753
227	867624	867924
228	169904	169849
229	577061	577017
230	1510787	1510703
231	1690345	1690287
233	850333	850209
234	840069	840020
235	650845	650775
237	54267	54241
238	731489	731735
239	689121	689048
240	1033693	1033638
241	1410137	1410057
242	1902570	1902483
243	1755082	1755018
244	1159668	1159579
246	387291	387222
247	675400	675297
248	425870	426089
249	713533	713444
250	1588185	1588470
251	1027767	1027668
252	1529511	1529429
253	1864420	1864293
254	1840770	1840710
255	19998	20245
256	322537	323115
258	906446	906675
259	1698141	1698051
260	542187	542070
261	724023	723934
263	1126919	1126826
264	812863	813072
266	1558471	1558390
267	1348495	1348382
268	1953445	1953343
269	2022813	2022738
270	1787659	1787549
271	1531871	1531793
273	1361113	1361274
274	605074	605025
275	1121662	1121607
276	584699	584603
277	419904	419789
278	1930397	1930341
279	306525	306464
280	1690802	1690986
281	432065	432002
282	1410932	1410774
283	2095153	2095062
284	1009728	1009646
285	2095269	2095176
286	361630	361538
287	818602	818553
289	1917063	1917330
290	1684120	1684020
291	621177	621107
292	1832660	1832595
293	102519	102404
294	965038	964934
295	607458	607363
296	1563346	1563274
297	147454	147337
298	1681717	1681682
299	76183	76090
300	410501	410428
301	142974	142925
302	1676606	1676463
303	1640683	1640565
304	2091479	2091457
306	82876	82794
307	1189916	1189847
308	648087	648017
309	88171	88125
310	329863	330085
311	754408	754655
312	2019632	2019527
313	2073736	2073628
314	632215	632478
315	1882639	1882550
316	2037250	2037168
317	2047513	2047422
318	616411	616357
320	1658182	1658102
321	1181812	1181706
322	778397	778316
323	1275244	1275172
324	1922307	1922291
325	1741612	1741508
326	685930	685872
327	1778172	1778456
328	1338531	1338450
329	1654603	1654474
330	169883	169808
331	1518191	1518115
332	1756240	1756151
333	1717635	1717959
334	741033	741300
335	1903405	1903310
336	957396	957701
337	557280	557164
338	351973	352266
339	1921316	1921242
340	1032955	1033194
341	76911	77164
342	594397	594319
343	376827	376729
344	1968135	1968050
345	1543002	1542883
346	215613	215514
347	1997076	1997012
348	1886065	1885989
349	1350101	1350003
350	69258	69171
351	931059	930988
352	755493	755433
353	160846	160810
354	1395835	1395732
355	1008627	1008911
356	1721405	1721321
357	37007	36950
358	1990991	1991215
359	1952966	1952912
360	592549	592459
361	1758502	1758708
362	1324729	1324637
363	1093889	1094193
364	630992	630947
365	1895716	1895652
366	1447167	1447442
367	1399704	1399940
368	638084	637993
369	373515	373834
370	1033183	1033084
371	1942285	1942120
372	304477	304402
373	1764797	1764688
374	1278510	1278451
375	1000282	1000209
376	375544	375689
377	715303	715215
378	1049380	1049287
379	853597	853516
380	1444117	1444061
382	1319938	1320225
383	1329056	1328969
384	342678	342587
386	1818289	1818540
387	1513373	1513296
388	1360427	1360557
389	1979003	1979235
390	633550	633771
392	245506	245396
393	1023154	1023042
394	24467	24387
395	79166	79096
396	1177292	1177556
397	1615387	1615328
398	1951500	1951384
399	1818288	1818195
400	1288631	1288871
401	903602	903532
402	653753	654040
403	683711	683604
404	1381932	1381850
405	1264582	1264488
406	405621	405902
407	155047	154976
408	1171713	1171633
409	115283	115584
410	157101	156972
411	2048493	2048422
412	1817827	1817720
413	906541	906480
414	692943	692865
415	1241546	1241431
416	1545965	1545872
417	1162701	1162589
418	38062	37966
419	331551	331847
420	1637657	1637560
421	599855	599758
422	251654	251910
423	616823	616732
424	509294	509571
425	367129	367065
426	288961	289328
427	1063758	1063672
428	1651884	1651822
429	1632207	1632142
430	1952940	1952835
431	1948607	1948900
432	1037077	1036979
433	2007783	2008013
434	1078122	1078026
435	18521	18432
436	1945861	1945775
438	867374	867294
439	1110387	1110300
440	1472610	1472815
441	1021552	1021517
442	301312	301171
443	781179	781048
444	1710874	1710796
445	2025039	2025282
446	342336	342227
447	1578873	1579140
448	772944	772890
449	90583	90472
450	814207	814141
451	427393	427591
452	1340114	1340044
453	1642784	1642649
454	187244	187500
455	2064608	2064506
456	350989	350932
458	418571	418438
459	277698	277979
460	1215098	1214996
461	1999850	1999718
462	1573605	1573507
463	1046986	1046922
464	1361866	1361816
465	1838623	1838560
466	1753163	1753089
467	2091632	2091534
468	1009527	1009419
469	1166264	1166132
470	1829935	1829892
471	202270	202228
472	1244359	1244299
473	778669	778591
474	1894415	1894354
475	474998	474904
476	897627	897524
477	2022204	2022131
478	1530597	1530515
479	334217	334105
480	1925342	1925601
481	11118	11317
482	681240	681138
483	898532	898426
484	2077329	2077254
485	1624753	1624649
486	1730600	1730537
487	1110828	1110759
488	1566648	1566573
489	1661417	1661334
490	962465	962399
491	1060335	1060273
492	1404831	1404741
493	380910	380844
494	1312566	1312516
495	715464	715351
496	107270	107173
497	1018226	1018135
498	181749	181682
499	1519116	1519034
500	1305880	1305772
501	1437507	1437459
502	884138	884118
503	79744	79646
504	904689	904594
505	239681	240008
506	1807816	1808078
507	940670	940590
508	1726588	1726501
509	1318110	1317975
510	2074637	2074539
512	2009922	2009841
513	1485449	1485327
514	1281380	1281309
515	263779	264061
516	144805	144798
517	574819	574767
518	1503078	1503003
519	594724	594612
520	161621	161527
521	493458	493409
522	1945361	1945268
523	2008227	2008146
524	664494	664418
525	1297019	1296957
526	193663	193564
527	1700015	1700282
528	1472519	1472730
529	717433	717317
530	221723	221625
531	343608	343836
532	957123	957406
533	83787	84016
534	346950	346907
535	427242	427177
536	1161220	1161133
537	1816211	1816128
538	424472	424407
539	2047694	2047920
540	1746672	1746563
541	793790	793724
542	2033058	2033143
543	1035619	1035538
544	943704	943607
545	480935	480796
546	1304276	1304221
547	667525	667446
548	1040935	1040842
549	746063	746002
550	1604788	1604723
551	71812	72074
552	1604490	1604430
553	855671	855572
554	1645588	1645844
555	1742960	1743176
556	277419	277366
557	1791135	1791373
558	1525157	1525390
559	269094	269064
560	1478865	1478818
561	1278262	1278517
562	848432	848690
563	594205	594131
564	941753	941697
566	1526117	1526008
567	523039	523325
568	1323623	1323839
569	1598492	1598388
570	336950	336877
572	1956816	1956697
573	151666	151617
574	1765387	1765301
575	1164674	1164567
576	373926	373859
577	1261705	1261554
578	1532477	1532376
579	1842395	1842273
580	1099256	1099483
581	1051440	1051377
582	195735	195685
583	434841	434767
584	1210761	1210981
589	58951	58827
590	1525931	1526197
591	1739552	1739493
592	1155936	1155845
593	1134438	1134367
595	287811	288182
596	867658	867640
597	1364853	1364743
598	1797942	1797858
599	924603	924525
600	1639955	1639867
601	1907046	1907272
602	1270434	1270338
603	1208519	1208439
604	532482	532400
605	1380833	1380751
606	1178454	1178375
607	1758889	1759141
609	1197380	1197316
610	1433854	1433778
611	77869	78140
613	950832	950741
614	769667	769577
615	1814221	1814121
616	911339	911335
617	1640559	1640457
618	1814193	1814107
619	1212793	1212719
620	1683504	1683407
621	1810124	1810072
622	785715	785665
623	1661964	1661883
624	1226614	1226572
625	1560777	1560723
626	1238297	1238250
627	486150	486027
628	321131	321422
629	762624	762929
630	108240	108155
631	956544	956453
632	398897	399155
633	2043224	2043110
634	671578	671448
635	1627021	1626873
636	1926184	1926418
637	1341312	1341555
638	194891	195209
639	1682935	1682854
640	407166	407095
641	1912499	1912413
642	1046443	1046358
643	1312642	1312568
644	23388	23306
645	159477	159700
646	235912	236158
647	934220	934165
648	803860	803798
649	1386067	1385986
650	1386843	1386781
651	612427	612362
652	1760039	1759968
653	1196002	1195895
654	277214	277476
655	1948493	1948389
656	1361037	1361304
661	1799439	1799720
662	115022	114964
663	2051547	2051450
664	2048626	2048519
665	219684	220020
666	1375815	1375760
667	1682337	1682289
668	363716	363598
669	266191	266482
670	1842189	1842419
671	1958047	1957949
672	875235	875551
673	815804	815716
674	108443	108385
675	1657112	1657039
676	1023375	1023292
677	1452896	1452795
678	1643101	1643026
679	72065	71996
680	959874	959814
681	219549	219462
682	574300	574284
684	874799	874673
686	173711	173965
687	1003863	1003782
688	615938	615835
689	1866866	1866761
690	1385178	1385103
691	194281	194511
692	939555	939464
693	1013992	1013862
694	833261	833147
695	46601	46536
696	506499	506442
697	1267835	1267747
698	1101470	1101442
700	1795018	1794921
701	1970734	1970685
702	426411	426340
703	509668	509589
704	434143	434028
705	59430	59636
706	1804320	1804275
707	1137274	1137434
708	1074368	1074281
709	259042	258953
710	1129459	1129417
711	695596	695509
712	2025925	2025832
713	553819	553740
714	1062667	1062600
715	374978	374852
716	788940	789183
717	1513616	1513527
718	990153	990006
720	980224	980129
721	1359368	1359283
722	928398	928339
723	788816	788766
724	1778491	1778756
725	2077870	2077815
730	1770880	1771105
731	1162588	1162621
732	1509577	1509477
733	898418	898720
734	1378064	1377947
735	1273362	1273285
736	2018941	2018838
737	666481	666412
738	1279536	1279394
739	1379476	1379389
740	1730859	1730788
741	179547	179461
742	2088051	2088261
743	502338	502223
744	1108307	1108536
745	413839	413762
746	1741772	1741663
747	813900	814137
748	632496	632395
749	288084	287942
750	992776	992693
751	666608	666513
752	1508148	1508063
753	1381211	1381435
755	183912	183801
756	76699	76976
757	1888744	1889074
758	1450786	1450276
759	1713222	1713141
760	1624792	1624676
762	1736231	1736171
763	1082845	1082770
764	560828	560786
765	889907	889823
766	700528	700428
767	1142787	1142689
768	768982	768876
769	1767298	1767539
770	1687033	1686976
771	1240109	1240015
772	239131	239399
774	754198	754093
775	826678	826590
777	554340	554549
778	158572	158511
779	1040415	1040310
780	1962414	1962354
781	1052268	1052171
782	281827	281732
783	1811089	1810988
784	846463	846387
785	197447	197734
786	625199	625290
788	1560982	1560879
789	1402103	1401989
790	1616510	1616403
791	558023	557958
792	1513710	1513942
793	1630973	1630835
794	619871	619775
795	831928	831873
796	428015	427950
797	1872544	1872416
799	193405	193682
800	2021940	2022202
801	721162	721058
802	1050956	1050870
803	1951967	1951861
804	673688	673613
805	1075349	1075287
806	1556668	1556928
807	272759	273019
808	376493	376413
809	1714296	1714211
810	1770118	1770422
811	719604	719519
812	184946	184800
813	226130	226067
814	2070772	2070676
815	1090924	1091138
816	1524165	1524099
817	489939	489823
818	650862	651088
819	1384083	1384010
821	1044063	1043963
822	1150404	1150335
823	1975555	1975493
825	83844	83771
826	1339712	1339640
827	1734612	1734549
828	454626	454568
829	1821836	1822060
830	45901	46169
831	2016898	2017102
834	382855	382744
835	1095937	1095854
836	1549396	1549307
837	1294823	1294721
838	875438	875309
839	892669	892551
840	1414072	1414018
842	1104514	1104403
843	1196326	1196611
844	1876485	1876382
845	726900	726807
847	1738417	1738328
848	105727	105634
849	321433	321748
850	1109541	1109481
851	1432315	1432582
852	1762954	1763209
853	909877	909824
854	1798630	1798522
855	2064487	2064403
856	1279721	1279628
857	159012	158910
858	345599	345498
859	806894	806790
860	457422	457347
861	627170	627106
862	2083124	2083048
863	263394	263308
864	870482	870755
865	582882	582806
866	364343	364221
867	1830305	1830202
868	1956726	1957023
869	1048292	1048219
870	1103572	1103493
871	1636979	1636925
872	428171	428453
873	1298708	1298617
874	612310	612235
875	757733	757642
876	923351	923259
877	1664649	1664906
878	546805	546719
879	1802562	1802495
880	988789	988691
881	1352763	1353012
882	930483	930409
883	1551636	1551548
884	826951	826854
885	161277	161225
886	360334	360261
887	1732069	1732049
888	1143527	1143484
889	1747233	1747128
890	70061	69964
891	728520	728772
892	123813	123768
893	1360631	1360571
894	1514412	1514309
895	799957	799853
896	280952	280832
897	1223369	1223278
898	139630	139578
899	1492385	1492258
900	1453671	1453611
901	433829	433783
902	2076792	2076740
903	514580	514902
904	1335127	1335081
905	2082662	2082594
906	1998548	1998458
907	61618	61570
908	2096097	2095870
909	790647	790569
910	2030055	2029940
912	355940	355864
913	1096622	1096504
915	190210	190113
916	683508	683410
917	297766	297680
918	946128	946043
919	1072627	1072540
920	173792	173745
921	130454	130406
922	1026915	1026831
923	988204	988421
924	420297	420202
926	1392101	1391999
927	1303377	1303075
928	2092241	2092167
931	356211	356371
932	1507135	1507093
933	1482157	1482485
934	1512694	1512565
935	1416495	1416563
936	1799771	1799680
937	1914776	1914689
938	1555673	1555597
939	406766	406693
940	1943188	1943107
941	1998292	1998193
942	242767	242679
943	675636	676104
944	1567065	1566985
945	1025910	1026193
946	1005711	1005609
947	1861308	1861232
948	1883833	1883598
949	1316388	1316293
950	1944473	1944424
951	1865360	1865633
952	553903	554189
953	1699941	1699878
954	1240482	1240420
955	549556	549608
956	546952	546886
957	1398991	1398943
958	1719364	1719310
959	1974610	1974879
960	1247455	1247373
961	899078	898979
962	1411999	1411931
963	126838	126759
964	42924	42923
965	1284299	1284233
966	727662	727584
967	617706	617577
968	629715	629649
969	1570567	1570479
970	313007	313222
971	287549	287867
972	676467	676372
973	999729	999639
975	1465568	1465461
976	1521208	1521110
977	888479	888415
978	1962528	1962422
979	1108961	1108895
980	40806	40711
981	454470	454419
982	509257	509180
983	472636	472579
984	2012761	2012990
985	970755	971047
986	63087	63361
987	2032425	2032643
988	651801	651697
989	554780	554683
990	779803	779691
991	667077	666959
993	1016276	1016524
994	89458	89366
995	332210	332456
996	1503308	1503540
997	235543	235490
998	1062222	1062170
999	1705612	1705514
1000	913473	913412
1001	1684950	1684844
1002	897617	897906
1003	1103629	1103547
1004	1740138	1740052
1005	786395	786321
1006	1752679	1752585
1008	229279	229502
1009	1953383	1953279
1010	752371	752650
1011	1889954	1889871
1012	789026	789020
1013	1527281	1527182
1014	149761	149706
1015	94748	94629
1016	468257	468142
1017	1044816	1044770
1018	1356210	1356147
1019	1277303	1277209
1020	248743	249035
1021	1364938	1365197
1023	577600	577773
1024	1426099	1425959
1025	396342	396204
1026	798171	798039
1027	1122290	1122201
1028	294984	294889
1029	389203	389190
1030	856382	856611
1031	1849353	1849257
1032	1606853	1606787
1033	736764	736674
1034	1174403	1174319
1035	1634012	1633922
1036	1467209	1467144
1037	1662557	1662463
1038	871964	871895
1039	147255	147181
1040	1014036	1013944
1041	509632	509598
1042	1400021	1399930
1043	1072609	1072498
1044	541680	541618
1045	1160919	1161205
1046	143297	143196
1047	505255	505166
1049	1561835	1561730
1050	1176125	1176010
1051	215326	215278
1052	1339543	1339844
1053	184682	184563
1054	1000007	999961
1055	863630	863545
1056	2074715	2074910
1057	618444	618355
1058	1091699	1091633
1059	1203654	1203562
1060	516979	516922
1061	1278039	1277966
1062	674557	674536
1063	314557	314485
1064	1372966	1372904
1065	1325412	1325308
1066	985800	985787
1067	1539058	1539041
1068	1901853	1901642
1073	1788341	1788260
1074	2056603	2056530
1075	84903	84831
1076	383824	384040
1077	30792	30707
1078	484183	484109
1079	221150	221407
1080	1401156	1401097
1081	1678152	1678078
1082	1320288	1320523
1083	1102462	1102387
1084	1350739	1350979
1085	331624	331867
1086	1344569	1344430
1087	1981294	1981610
1088	486692	486575
1089	70731	70642
1090	689757	689655
1091	452754	452679
1092	934214	934164
1093	1478400	1478333
1094	1079070	1079006
1095	1711193	1711101
1096	912638	912534
1097	878231	878175
1098	2071955	2072216
1099	1094201	1094093
1100	1126901	1126761
1101	832314	832239
1102	181987	181886
1103	711376	711295
1104	311812	311662
1105	1777054	1776958
1106	2087355	2087242
1107	1199258	1199435
1108	1603922	1603861
1110	877218	877119
1111	88288	88292
1112	1845055	1844943
1113	468772	468706
1114	1445314	1445234
1115	1691819	1691747
1116	473676	473599
1117	597053	597282
1118	475283	475156
1119	366163	366405
1120	1084602	1084531
1121	1208665	1208571
1122	1942645	1942583
1123	1016807	1016711
1124	1796458	1796313
1125	328563	328470
1126	1318097	1318341
1127	907818	907735
1128	1633246	1633189
1129	212757	212664
1130	1906061	1905965
1131	1208435	1208327
1132	1890942	1890846
1133	918127	918041
1134	840276	840188
1135	1455461	1455741
1136	783413	783314
1137	328569	328850
1138	775699	775591
1139	52727	53031
1140	1764882	1764822
1141	690455	690348
1142	333286	333179
1143	1737916	1737819
1144	554196	554101
1145	942850	942793
1146	1413549	1413494
1147	1711908	1711853
1148	36704	36613
1149	1237032	1236976
1150	261746	261674
1151	792853	792775
1152	1195033	1194934
1153	1183877	1183916
1154	703291	703538
1155	1723599	1723493
1156	671179	671093
1157	582004	582269
1158	1510810	1511080
1159	1603606	1603828
1160	1889965	1889900
1161	1618864	1618786
1162	1391292	1391239
1163	1213130	1213358
1164	1396024	1395927
1165	1733593	1733499
1166	1584962	1585156
1167	1286833	1286769
1168	819398	819292
1169	758587	758501
1170	1855731	1855973
1171	1711653	1711547
1172	1952755	1952683
1173	160088	159981
1174	1849540	1849453
1175	384326	384212
1176	1114171	1114025
1177	92392	92553
1178	893555	893444
1179	323088	323344
1180	665075	665002
1181	1085995	1085896
1182	1765103	1765408
1183	508847	508723
1184	387100	387047
1185	2078913	2078831
1186	213666	213571
1187	825829	826072
1188	1397314	1397232
1189	1519226	1519165
1190	627125	627062
1191	227753	227635
1192	651442	651374
1193	17491	17412
1194	1260951	1260862
1195	1046918	1046808
1196	1511084	1510995
1197	1154822	1154731
1198	1658136	1658059
1199	1610641	1610588
1201	1128136	1128025
1202	1493268	1493249
1203	1743901	1743850
1204	950710	950612
1205	1844750	1844874
1206	1607707	1607657
1207	1997277	1997193
1208	1472563	1472455
1209	1078911	1078869
1210	1653499	1653437
1211	1889968	1890237
1212	879223	879113
1213	228838	229088
1214	435727	435974
1219	1364617	1364564
1220	681808	681719
1221	370855	370749
1222	930029	929940
