EVENT	TDC1	TRIG
0	38029	41316
1	134795	137946
2	919264	922427
3	130319	133803
4	1741186	1744561
5	1093770	1096814
6	245072	248241
11	1177397	1180447
13	1723252	1726732
15	1242867	1246202
16	1976554	1980010
17	151025	154212
18	713800	716830
21	427885	430934
25	1107136	1110313
26	899364	902424
27	382279	385341
29	876361	879444
30	1662818	1665995
32	42573	45632
35	669323	672383
36	49142	52375
38	319692	322736
40	733169	736297
41	606006	609210
42	743164	746464
43	300005	303116
44	1697509	1700662
45	1219394	1222950
51	1533526	1536732
53	1801397	1804511
54	772100	775209
55	816000	819299
56	1037760	1040824
58	435626	438982
59	1859303	1862343
60	2085362	2088664
61	1620093	1623494
62	369444	372588
67	1433049	1436078
68	1640872	1644017
69	1819182	1822317
71	11162	14423
72	1499273	1502650
73	1875781	1878956
75	895546	898590
76	1892655	1895703
79	190926	194449
80	898603	901644
83	934960	938034
84	249388	252776
86	4959	8379
87	61604	64659
92	1868897	1871961
93	1125178	1128308
95	1414245	1417490
100	1903533	1906577
102	637330	640354
106	349338	352984
107	1770677	1773729
109	1376280	1379350
113	737823	741048
114	59646	62849
116	382771	385811
117	1661096	1664839
118	350598	354012
120	1226604	1229661
124	1336344	1339967
125	30037	33340
126	363753	367115
127	2012799	2015853
128	1052275	1055342
129	414862	418487
135	907971	911014
136	2032725	2035792
138	1845144	1848452
140	1851860	1854954
142	1480404	1483621
144	1521900	1525116
147	722922	725963
148	685618	688695
149	622279	625410
152	868750	871840
153	245712	249034
155	1894243	1897368
158	1611821	1615086
159	465286	468426
160	1629689	1632919
161	745969	749299
164	108051	111464
166	344587	348103
168	732500	735579
171	1080808	1083897
174	577807	581277
175	225935	229274
177	1885453	1888512
179	1369506	1372562
181	1688032	1691397
183	1170400	1173619
184	905726	909058
185	1511454	1514743
186	1526661	1529730
188	1438367	1441645
189	242298	245305
190	1042421	1045454
192	1594107	1597477
193	814572	817915
194	1514482	1517491
195	302907	306265
196	1235304	1238368
198	209154	212528
199	355754	358862
203	1366531	1369788
206	1581126	1584552
207	1302039	1305424
208	904996	908070
212	474252	477284
213	1667414	1670486
216	324543	327696
217	142932	146035
218	2047531	2050707
221	2032080	2035193
223	1759016	1762403
225	406352	409521
228	1915167	1918200
230	1783949	1787095
231	489449	492772
232	771148	774259
233	679855	683366
234	1023718	1027645
235	649472	652847
236	1276017	1279175
237	298258	301299
238	758494	761609
241	1283522	1286560
242	243458	246622
244	1518296	1521380
245	883965	887009
247	1049632	1053033
249	292326	295381
251	1803350	1806440
252	839907	843687
253	1569717	1572753
254	524148	527203
260	628804	631835
261	830066	833370
262	89238	92333
263	1974971	1978322
264	1143793	1146826
273	2033420	2036610
274	1074887	1077935
276	5064	8171
277	681463	684630
279	1806092	1809413
282	1004530	1007859
283	491024	494115
284	196470	199517
285	2045005	2048437
286	1207388	1210834
288	605677	608951
295	1573947	1577025
296	2002091	2005149
298	1683846	1687047
301	1626853	1630176
305	1637141	1640202
306	1755683	1758777
310	2069801	2072860
311	1219390	1222925
312	250350	253398
313	520908	523981
314	762457	765512
315	1172293	1175466
316	281002	284244
317	1840782	1843857
318	1434990	1438165
319	444638	447869
320	324994	328047
323	397098	400500
324	1387372	1390429
327	664980	668353
328	1450861	1453913
334	1855293	1858518
335	1702666	1706252
337	159238	162343
338	136349	139598
341	1057162	1060212
346	675135	678500
350	1405728	1408908
351	1914980	1918292
352	1067971	1070985
353	1459767	1463036
354	812231	815632
355	584327	587391
357	1897428	1900859
359	954469	957514
365	1214557	1217751
367	1390460	1393477
369	69551	72861
371	16100	19331
372	1860666	1864684
374	1773260	1776325
375	701283	704648
376	1121365	1124435
381	930329	933373
382	1960111	1963412
385	658224	661281
387	83085	86388
388	1305290	1308672
389	1826119	1829170
391	414038	417197
392	365868	369026
394	1448466	1451697
395	703455	706720
397	767436	770760
398	899392	902817
400	1689564	1692614
401	1437695	1440898
403	1559277	1562463
407	1477394	1481078
408	941398	944438
412	94444	97734
413	224479	227732
415	55414	58697
418	1744356	1747471
421	1874930	1878166
422	1015490	1018547
423	1410375	1413695
424	588799	591969
426	517831	521569
428	1911206	1914316
430	1971949	1974993
435	1898250	1901627
437	2026478	2029546
439	367242	370322
440	724327	727528
441	133867	137297
442	837716	841119
445	1468360	1471682
448	450142	453526
450	300458	303600
452	425911	428967
453	1345830	1348905
457	1816174	1819530
458	351618	355025
461	609033	612211
464	1406121	1409303
465	767798	771200
467	698120	701217
468	615067	618359
469	1565881	1569345
470	599907	603244
474	1796550	1799896
477	163213	166620
478	664808	668108
481	1155788	1158969
482	1803417	1806694
485	909778	912896
486	859212	862249
489	2074691	2077902
491	1014390	1017558
499	261427	264743
501	1633939	1636994
502	10791	13833
503	112287	115322
504	1419269	1422388
508	2047698	2050864
514	1480204	1483539
515	1228496	1231547
516	1755466	1758519
517	179630	182784
518	863427	866706
519	2036490	2039867
520	1390327	1393376
521	97931	101353
523	1048822	1052036
524	1444206	1447430
525	1962438	1965776
526	1317478	1320879
527	731654	735001
529	521902	524961
532	1825411	1828471
534	417240	420288
535	686466	689628
536	1310962	1314365
537	86903	90043
539	930723	933823
540	1932306	1935377
542	574909	578207
544	1215151	1218203
548	695235	698409
549	388739	391785
550	645277	648609
551	1799574	1803116
552	643227	646355
554	1406457	1409732
555	1220888	1223934
556	1353505	1356882
557	602435	605602
560	761194	764298
561	811045	814249
562	16536	19543
563	1112239	1115443
564	967381	970502
565	660810	663988
569	881468	884848
571	1268405	1271665
575	1298999	1302332
578	1453871	1456921
579	713304	716500
580	625837	628936
581	61569	64607
582	1237703	1240827
585	725484	728552
586	47995	51254
587	1393984	1397267
588	122382	125769
589	1778125	1781453
590	221654	224740
591	16899	20337
595	1986197	1989499
597	1219149	1222571
598	1627811	1631158
599	846613	849721
600	13890	16921
601	390311	393737
602	568368	571481
603	240322	243658
607	307039	310191
608	598074	601127
613	1856597	1859664
614	1749785	1753282
615	150990	154015
617	1697748	1701071
618	108713	112028
619	388550	391701
621	1579751	1583002
624	671506	674823
625	1413281	1416854
626	934057	937296
628	329905	333172
635	1685151	1688537
636	1720596	1723937
637	1758665	1761945
638	1835376	1838538
644	1254455	1257603
645	1568823	1571840
646	1384026	1387183
651	686751	689827
652	1999502	2002717
653	1820511	1823576
656	2037378	2040487
657	2051730	2054789
659	580654	583706
660	1752450	1755914
666	370186	373518
668	1782778	1786074
669	1277559	1280802
670	1718939	1722003
679	1445700	1448728
682	1953833	1957534
684	1263662	1266890
685	1814434	1817460
686	245178	248260
689	1224106	1227335
692	1708470	1711580
693	1798440	1801733
694	1703945	1707022
695	1069060	1072103
697	1090137	1093594
704	974210	977296
705	1589043	1592463
706	550510	553629
707	1989082	1992088
708	1762034	1765309
709	438018	441170
710	1146518	1149559
712	526978	530163
714	1495623	1498911
715	202161	205355
719	79066	82340
721	1861873	1865582
722	1155924	1159274
724	2077268	2080313
725	1809129	1812306
727	2057358	2060688
729	335845	338894
731	1877351	1880526
732	1633328	1636411
733	1668675	1672018
735	1871906	1875060
736	235849	239680
737	1235069	1238171
740	1389558	1392721
741	403086	406349
742	462242	465306
743	1936439	1939482
744	510001	513436
746	969833	973036
747	1221119	1224280
748	1923529	1926661
749	1601488	1605163
750	1521714	1524980
751	1592822	1595979
753	1029666	1032960
754	1792546	1795583
755	623330	626610
756	1580143	1583440
757	1739847	1742992
760	216830	220012
762	216533	219554
763	1682420	1685709
765	948637	951686
766	669094	672249
767	1638224	1641267
768	1336080	1339211
770	1867559	1870737
771	1283590	1286620
772	1014988	1018223
773	31086	34212
775	156195	159409
776	1156639	1159780
780	419692	423068
781	1502605	1506017
784	598715	602033
786	1978965	1982201
789	2039765	2042787
790	1180464	1183715
791	690371	693409
792	110010	113317
797	605239	608845
799	1993371	1996443
800	566128	569388
803	1805912	1809267
805	943967	947228
806	1193961	1197284
807	957508	960902
813	873202	876289
814	514028	517144
816	1013528	1017018
818	978274	981334
819	1482614	1486417
820	1755660	1759130
821	77611	80926
822	477727	480965
823	464543	467666
824	854323	857372
825	1491421	1495023
826	1326062	1329087
827	269554	272820
837	1016329	1019360
838	1903372	1906466
839	45607	48799
841	1212008	1215263
842	813279	816554
844	1282436	1285956
846	1481566	1484637
847	894565	897950
848	1798398	1801485
849	2021878	2025101
850	283449	286698
853	2018681	2021770
855	1971875	1975014
856	152677	155816
859	1674787	1677901
861	1287223	1290621
865	1121572	1124887
866	683299	686727
868	714182	717551
869	799553	802675
870	201924	204955
871	490317	493339
872	1766657	1769816
873	303325	306474
874	1907020	1910081
877	1387313	1390357
878	1166238	1169718
879	1925869	1928920
880	912981	916006
883	982227	985366
886	718022	721171
889	484039	487389
892	485695	488746
893	1067405	1070430
894	1296311	1299331
896	232374	235499
898	560565	563965
899	1320182	1323336
900	178078	181230
901	1790920	1794481
902	931817	935050
903	175914	179272
906	1533124	1536194
907	2011823	2015267
908	16438	19436
912	1200573	1203828
914	524027	527108
916	1925478	1928805
918	1047794	1051049
919	678033	681394
922	1241591	1244729
926	1764863	1768144
927	1586149	1589288
928	1446710	1449856
929	1641193	1644272
930	1004051	1007551
932	543781	546832
933	1631751	1634805
934	983971	987206
935	1320744	1323835
938	893093	896446
942	1571873	1575060
943	318886	322002
945	553386	556400
947	1348143	1351373
950	1305807	1309218
951	1026810	1029874
953	1713934	1717118
954	1404801	1408200
955	1669067	1672142
956	1663195	1666227
961	529112	532162
963	1232653	1235846
964	1939971	1942993
965	1136517	1139635
966	143345	146504
969	137369	140351
972	1348627	1351942
975	1512259	1515308
977	671721	674917
978	323906	327161
979	948435	951582
980	72732	76234
982	761676	764798
983	252973	256000
984	715032	718072
986	184305	187331
988	233472	236541
989	1288129	1291462
993	2060994	2064328
996	619509	622631
998	1981508	1984624
999	1557051	1560037
1007	462986	466553
1010	195461	199152
1011	891848	894895
1013	698806	702290
1014	1614451	1617703
1015	20783	24150
1017	1593834	1597418
1018	1043942	1046980
1019	556091	559432
1022	771266	774320
1023	1334631	1337934
1024	813698	816934
1025	1093896	1097491
1026	1658115	1661161
1029	1971418	1974600
1030	1865655	1868776
1031	582342	585359
1033	1328011	1331096
1034	860248	863317
1035	1571174	1574530
1036	179972	183352
1037	185348	188391
1039	1672468	1675478
1041	166029	169184
1042	1593301	1596490
1045	422554	425732
1046	1149274	1152358
1047	719474	722507
1053	92872	95899
1057	951313	954601
1059	1683806	1687065
1060	92463	95088
1062	989687	992718
1066	2032297	2035597
1069	1764424	1767714
1071	1366043	1369199
1072	1783577	1786718
1080	239393	242922
1081	805663	809074
1082	1356624	1359768
1083	2059815	2063122
1085	675001	678036
1086	1357077	1360154
1089	2095713	1600
1090	2096821	2784
1091	1094343	1097375
1092	465498	468517
1093	2014499	2017668
1094	2057312	2060538
1095	1692162	1695585
1096	225421	228605
1103	1575365	1578464
1106	615111	618520
1108	1569262	1572831
1109	998153	1001210
1110	1662171	1665547
1111	1968177	1971300
1112	449666	452664
1115	678711	682149
1116	558903	562237
1118	238561	242161
1120	1964196	1967218
1121	1322042	1325312
1122	1802670	1805812
1123	1777741	1780938
1124	1013871	1017003
1125	762254	765731
1127	502698	505731
1128	277383	280428
1129	1394398	1397624
1132	339810	343110
1133	522202	525255
1135	219486	222670
1138	622514	625568
1139	1588994	1592274
1141	59834	62886
1142	192941	196376
1143	210587	213619
1144	217533	220776
1145	1597099	1600192
1148	483044	486165
1149	1157510	1161013
1151	1711132	1714149
1154	898410	901427
1157	1129779	1132800
1159	2087126	2090197
1161	1138227	1141409
1163	796540	799614
1165	634383	637989
1166	851447	854809
1168	1380155	1383561
1175	892346	895376
1177	1171229	1174757
1178	2072215	2075610
1179	990244	993552
1180	2094850	1072
1181	110310	113446
1182	2072972	2076353
1183	507290	510585
1186	773818	777375
1189	602819	605859
1191	1895936	1899352
1193	325571	329121
1196	1611002	1614054
1197	745003	748039
1198	899130	902265
1203	47999	51484
1205	2095726	2043
1206	628900	631989
1207	318247	321610
1208	141066	144384
1209	1661197	1664697
1210	299860	303351
1212	1452956	1456332
1213	2034596	2038012
1215	510190	513386
1224	1301562	1304581
1228	1665323	1668374
1232	443110	446717
1236	978156	981499
1238	1418039	1421075
1242	772163	775303
1246	35593	38746
1247	642999	646063
1250	1957109	1960209
1253	864471	868021
1254	677250	680593
1255	1252246	1255438
1259	685355	688734
1260	1037806	1040982
1261	447795	450822
1264	1589447	1592506
1267	1156272	1159332
1268	170598	173714
1270	1838675	1842149
1271	820167	823211
1272	715902	719097
1279	1004375	1007400
1280	29564	32966
1281	1365441	1369213
1283	1542491	1545791
1284	1680802	1684137
1287	340123	343386
1288	435783	438801
1291	769301	772599
1294	622189	625753
1298	1034247	1037298
1299	1123612	1126630
1305	1411978	1415189
1306	1601994	1605414
1307	1252199	1255350
1311	1567704	1570732
1318	1958620	1962130
1319	1674901	1678055
1320	465755	468855
1324	320539	323916
1327	1161112	1164208
1328	490061	493631
1332	240947	244088
1333	287997	291224
1335	1379773	1382825
1336	235175	238368
1338	1031646	1035145
1339	1948315	1951654
1341	716580	719942
1342	1634349	1637485
1343	187676	190853
1345	1946399	1949461
1349	20645	23769
1350	31397	34658
1354	901996	905037
1355	1435122	1438439
1358	270575	273932
1359	985927	989044
1360	1872146	1875194
1361	1035546	1038684
1364	1850023	1853239
1365	661151	664295
1366	1037106	1040306
1367	923821	927208
1369	1570699	1573800
1370	406380	409953
1373	686435	689705
1374	325689	328763
1375	856414	859639
1376	700612	703756
1377	1347999	1351048
1381	1560193	1563552
1385	648110	651278
1388	1236304	1239577
1390	598101	601586
1391	797906	801012
1392	501243	504636
1394	697501	700644
1395	1593079	1596130
1400	1289446	1292692
1402	858221	861542
1403	136661	139686
1405	898417	901654
1407	1078034	1081238
1409	1667007	1670057
1410	320803	323997
1414	1728110	1731340
1415	1225783	1228954
1420	974089	977442
1421	431114	434145
1425	143473	146536
1426	789801	793354
1427	512291	515797
1428	1220058	1223101
1432	753500	756541
1433	132646	136086
1436	1176587	1180268
1437	1580125	1583210
1438	260298	263788
1439	498861	501998
1440	1492397	1495442
1443	917962	920964
1444	13934	16976
1445	339692	342862
1447	1586059	1589388
1449	210470	213571
1450	175926	179202
1454	1756443	1759617
1455	436701	439762
1456	1280748	1283758
1461	975819	978953
1463	839880	843084
1466	1859713	1862719
1467	198770	201918
1469	1745893	1749430
1470	1745756	1748972
1472	85963	89049
1473	968669	972070
1478	634382	637593
1480	900936	903971
1481	1775900	1779034
1483	264399	267842
1484	1576860	1580106
1485	1250588	1253848
1486	293183	296759
1491	1714613	1717700
1493	1681718	1685080
1495	27905	31174
1500	36270	39941
1501	583884	587356
1502	1323687	1326856
1506	685571	688565
1507	1018246	1021775
1509	608562	611670
1512	88923	92190
1514	565032	568082
1516	1212865	1216195
1518	951930	955340
1520	1043202	1046501
1522	408737	411768
1523	1944994	1948093
1524	718758	721798
1525	710542	713563
1532	1331454	1334660
1535	1216930	1219996
1537	1926518	1929677
1539	2067714	2070751
1540	1107737	1110853
1542	778432	781463
1543	285685	288760
1544	1578687	1581729
1545	681808	685002
1546	2017874	2021021
1551	911524	914509
1552	1119312	1122408
1557	1370258	1373307
1559	876324	879564
1562	1382	4693
1564	463201	466309
1568	1951073	1954158
1569	1322952	1326154
1570	1951431	1954453
1572	1171566	1174934
1575	12142	15679
1576	910114	913177
1581	403825	407079
1582	718889	722048
1584	1167895	1171048
1585	357180	360657
1587	486319	489327
1589	700299	704244
1591	1963245	1966166
1593	1113087	1116675
1595	1259520	1262561
1597	1053846	1056875
1598	1717141	1720570
1599	1827008	1830045
1602	1853075	1856134
1604	816898	820186
1605	1741852	1745084
1608	1367044	1370077
1611	2070718	2073760
1612	1431692	1434906
1613	1905106	1907881
1614	1051712	1055071
1616	1749006	1752562
1617	1332080	1335436
1618	719110	722225
1620	596354	599896
1621	1514059	1517462
1622	805611	808680
1625	535706	538889
1628	1856961	1860117
1629	33366	36381
1630	1782390	1785525
1631	126144	129220
1633	1311501	1314572
1634	601892	605052
1636	1677510	1680557
1638	1088333	1091525
1639	124086	127281
1640	2032479	2035898
1642	377783	380830
1643	1526024	1529401
1644	1319642	1322731
1645	11282	14489
1648	451193	454679
1653	311207	314529
1654	1088019	1091314
1655	2006779	2009909
1656	178368	181640
1657	1782463	1785583
1660	1541230	1544448
1661	1534582	1537955
1662	432278	435264
1664	1937221	1940561
1667	980254	983249
1668	1878010	1881363
1670	30946	34052
1674	786995	790043
1675	1254193	1257361
1676	891559	894586
1677	1290694	1294028
1678	1056255	1059248
1684	619576	622700
1688	1871618	1875056
1689	95718	98926
1691	331909	334919
1692	491341	494730
1697	379605	382725
1702	1508495	1512032
1703	1228216	1231408
1704	1159356	1162403
1705	1901479	1904650
1707	1423758	1426908
1708	574166	577215
1710	412562	415873
1711	1741471	1744521
1712	1236433	1239571
1713	2023186	2026341
1714	214838	218042
1716	1762590	1766013
1718	341619	344877
1722	684814	687840
1724	1116886	1120050
1725	1754351	1757436
1726	691139	694433
1727	525986	529152
1728	1777868	1780896
1730	275617	279045
1732	1509870	1512960
1733	806860	810172
1734	1173332	1176337
1735	788427	791664
1736	1873555	1876564
1740	1791222	1794530
1741	115740	118798
1745	1214138	1217161
1747	470029	473185
1749	1091	4558
1752	89453	92656
1754	1772650	1775960
1756	1076197	1079471
1757	358970	362526
1758	1592844	1596069
1759	1539918	1543370
1761	368905	371964
1762	231987	235125
1764	1572077	1575231
1766	1833049	1836234
1768	389031	392287
1770	219840	222899
1774	637736	640841
1775	1243169	1246297
1776	1705300	1708404
1777	1143394	1146734
1778	342742	346014
1779	1554866	1557906
1780	1431313	1434416
1782	1694834	1697920
1783	2082213	2085286
1785	638358	641374
1788	609820	613088
1793	1057580	1060873
1796	821469	824750
1797	422076	425450
1801	63363	66624
1803	652728	655768
1804	489671	492849
1805	642702	645766
1806	1766119	1769149
1808	802581	806150
1810	1603576	1607020
1812	614139	617278
1815	2052396	2055782
1817	1132774	1136657
1819	449717	453259
1820	1507477	1510500
1822	404630	407791
1823	693726	696951
1824	88660	91763
1828	1945843	1949126
1830	250261	253716
1835	525666	528713
1839	1443375	1446825
1841	1249994	1253155
1842	618977	622231
1849	1809771	1813111
1850	475891	479218
1851	123403	126464
1853	249334	252346
1855	956001	959192
1856	1788128	1791170
1857	614055	617082
1859	289190	292195
1863	1041449	1044491
1868	1150531	1153563
1871	570858	573897
1873	1382898	1386491
1874	1475255	1478415
1876	1530522	1533683
1877	348382	351713
1878	1388901	1392330
1879	1322434	1325571
1881	1816564	1819816
1884	1956577	1959598
1886	1023559	1026981
1892	21604	24989
1894	1065515	1068746
1896	916560	919813
1898	1347588	1350817
1899	1020700	1023739
1901	763724	767191
1903	1492192	1495351
1904	1522122	1525414
1908	163995	167380
1910	1206979	1210366
1911	391360	394453
1912	751131	754169
1913	606242	609273
1914	905196	908249
1915	319170	322185
1917	1364685	1367789
1918	1263262	1266411
1919	1212808	1216043
1924	1216076	1219101
1926	797293	800403
1927	164426	167250
1929	1304933	1308140
1930	1732781	1736305
1931	817224	820499
1934	203933	207411
1935	964111	967187
1936	1100018	1103081
1938	1496466	1500032
1939	1570132	1573392
1940	209406	212740
1941	1361737	1364811
1943	415348	418565
1944	596530	599575
1947	441654	444763
1948	147868	151215
1950	1685961	1689310
1951	1244490	1247508
1952	1004771	1008064
1953	2034487	2037855
1957	884304	887617
1958	1894361	1897582
1960	940645	943946
1961	802865	806364
1963	1665723	1669130
1965	1005998	1009211
1968	1296711	1299876
1969	734891	738370
1972	1556882	1560112
1974	1764304	1767381
1984	1707892	1711028
1986	963634	966768
1987	1287066	1290413
1989	1263616	1266781
1993	154416	157489
1995	620859	623895
1997	482464	485581
1998	463986	467025
1999	666279	669671
2000	437774	441197
2001	864738	867907
2002	856619	860255
2004	492253	495255
2005	1707973	1711285
2010	456082	459120
2012	627442	630859
2013	759501	762670
2014	374257	377787
2017	1049204	1052560
2019	111568	115157
2020	1295682	1298747
2022	974896	978101
2025	80200	83467
2028	1543325	1546665
2031	1377115	1380162
2033	682011	685321
2034	1329810	1332828
2035	2059040	2062154
2036	1633919	1636968
2038	55116	58245
2040	1533424	1536557
2041	714696	718064
2043	1710430	1713472
2044	1463446	1466479
2045	669166	672508
2047	1880460	1884026
2048	414591	417910
2053	2094462	363
2054	1462753	1465780
2056	712207	715633
2057	820052	823263
2058	40658	43822
2059	1324177	1327686
2063	147342	150593
2066	990404	993548
2068	733117	736359
2069	517212	520428
2071	4418	7815
2072	1683874	1687246
2073	2024881	2028179
2075	1766642	1769681
2076	119200	122435
2078	54728	58165
2085	1381810	1385012
2086	862477	865504
2088	1359933	1363094
2090	2045642	2048925
2091	1737672	1740723
2092	1497352	1500362
2093	177521	180557
2095	251383	254522
2096	896242	899287
