EVENT	TDC1	TRIG
43	1393852	1397026
113	1440956	1444054
233	1659474	1662692
237	1333110	1336289
271	1229833	1233258
327	1222450	1225727
330	472044	475172
351	1852635	1855705
381	1196150	1199548
411	1682787	1685937
456	554846	557972
859	1678267	1681467
943	1005520	1008662
971	911545	914729
1134	229341	232881
1371	352195	355425
1700	153493	156662
1794	1260746	1264278
1867	182843	186013
1936	1196675	1199903
1946	1696928	1700320
2058	1366932	1370111
2174	135600	138871
2213	961894	965229
2384	1282555	1285684
2386	857534	860654
2468	1761819	1765305
2749	785845	788983
2833	532983	536125
2846	1478350	1481484
3036	1498179	1501924
3096	450218	453422
3192	1205272	1208620
3326	2004071	2007163
3345	1360205	1363354
3390	769612	772853
3632	670866	674369
3651	255824	259031
3767	1815984	1819177
3777	919202	922685
3884	973677	976987
3918	183500	186675
3934	871372	874962
4005	956421	959656
4029	2026949	2030372
4142	761354	764513
4339	1498849	1501986
4470	1343306	1346462
4569	1938595	1941710
4725	824891	828029
4745	1546978	1549920
4840	1598279	1601701
5036	1522869	1526244
5049	1384207	1387335
5057	1582544	1586183
5063	1347290	1350449
5078	1937959	1941108
5125	1872274	1875377
5316	839250	842318
5413	812784	815941
5490	490993	494109
5598	899160	902328
5685	1195529	1198621
5711	795664	799235
5847	490117	493706
5856	1279202	1282348
5943	1224238	1227539
5964	173855	176985
6112	828959	832424
6240	1560665	1564380
6373	544741	547790
6534	1764370	1767548
6703	463944	467096
6754	2053663	2056853
6776	907725	910842
6794	540795	543948
7031	1451270	1454627
7127	1854614	1857720
7191	1814527	1817697
7247	613695	616805
7276	2089745	2092860
7349	1080183	1083802
7355	682902	686034
7368	2066473	2069878
7385	887250	890853
7576	1063946	1067107
7726	1739802	1743298
7735	1697845	1700971
7783	1714485	1717685
7818	912872	916028
8174	545682	548803
8390	1622227	1625709
8398	523986	527234
8463	929377	932818
8514	1225354	1228765
8532	676193	679346
8559	534443	537676
8756	518004	521301
8799	1845838	1848925
8946	1922306	1925773
9262	1931221	1934931
9626	96234	99303
9645	1226501	1229848
9731	996724	999892
9771	161265	164332
9805	921293	924411
9837	1190238	1193402
9977	293470	296564
10061	274130	277343
10174	1584654	1587834
10196	469482	472662
10403	1025932	1029074
10508	1824960	1828094
10510	737987	741151
10516	300570	303762
10573	11529	14684
10638	308698	312070
10832	1283994	1287056
10852	1312013	1315356
10955	1666402	1669532
11048	183397	186529
11159	352204	355301
11214	1192662	1196322
11274	1372281	1375441
11279	1811391	1814564
11378	9452	12571
11612	1460713	1464249
11664	1989401	1992606
11744	1665991	1669161
11765	300227	303366
11872	830778	834329
12053	648169	651304
12127	323099	326503
12137	943510	946893
12146	1313560	1316734
12251	529469	532555
12307	1884421	1887842
12316	1185671	1189114
12317	463015	466437
12421	1525063	1528176
12447	452673	455746
12575	1643646	1647002
12728	1682593	1685825
12975	754082	757238
13028	1238975	1242319
13073	1149139	1152313
13111	1281773	1285185
13431	1977820	1980904
13519	1611366	1614436
13633	966421	969754
13651	740266	743848
13708	1588343	1591550
13757	553844	557136
13827	660543	663919
13842	1560612	1563657
13920	1639978	1643251
14023	983255	986376
14132	1227370	1230527
14274	1611379	1614520
14414	761510	764916
14499	9446	12776
14569	1024160	1027347
14635	187155	190625
14662	1748365	1751552
14722	923504	926685
14909	1091130	1094354
15078	836653	840034
15180	212669	216033
15278	2024948	2028126
15314	1118824	1122573
15327	901708	904870
15398	974511	977661
15439	514822	518003
15717	9590	12778
15769	1239734	1242852
15831	446310	449463
15888	260088	263238
15932	765900	768907
16015	932058	935410
16063	401418	404468
16107	642199	646019
16247	1372138	1375400
16291	898830	902378
16455	1076752	1079910
16468	1434712	1438089
16540	65751	68923
16554	767990	770995
16590	918984	922185
16612	234286	237424
16721	78086	81270
17082	825176	828818
17123	1925932	1929335
17299	1212642	1215757
17349	780874	784029
17392	345798	349343
17485	2025880	2029068
17491	1709697	1712726
17741	1220231	1223525
17800	1178854	1181850
17905	807059	810193
17913	981272	984571
18035	742555	745901
18112	1701929	1705225
18786	1182500	1186063
18936	1689740	1692877
18980	413614	416743
18997	991670	994827
19087	437159	440361
19324	1580648	1583801
19329	1866635	1869781
19631	1495235	1498419
19706	1508357	1511523
19719	861648	864757
20251	1097449	1100476
20333	51626	54801
20481	1363247	1366644
20510	1039954	1043133
20530	830411	833526
20750	768722	771893
21063	1986047	1989766
21245	631131	634707
21280	1002143	1005737
21289	74611	78152
21453	241244	244424
21507	1356872	1360054
21527	2057160	2060306
21557	1672533	1675652
21653	742906	746109
21748	1353920	1357096
21770	369642	372671
21816	1470505	1473654
21872	562554	565720
21903	797330	800451
21998	1995307	1998982
22130	1884968	1888330
22132	104601	107505
22168	1195049	1198139
22378	967672	971084
22442	1419625	1422924
22660	10666	14054
22764	2014723	2018634
22913	1202792	1206201
22943	447382	450479
23040	59722	62910
23180	1802939	1806564
23245	1775226	1778659
23379	604448	607596
23431	1216502	1219602
23466	2055192	2058401
23493	535199	538343
23569	1205013	1208233
23787	337065	340727
23858	1926908	1930182
23900	398642	401886
24068	2048539	2051739
24076	1859519	1862881
24123	1063325	1066825
24279	1245322	1249036
24332	1063065	1066227
24384	65617	68929
24458	129693	132952
24582	2034240	2037436
24620	462594	465726
24759	1171446	1174562
24767	843075	846242
24967	1641028	1644313
25009	721678	724829
25148	853113	856846
25334	1434550	1437946
25528	494799	497997
25755	75662	78857
25805	939947	943139
26048	1261772	1265227
26073	907077	910213
26096	1157782	1160980
26447	1522764	1525898
26732	1576394	1579899
26830	1754861	1758331
27042	421574	424724
27077	1069786	1072915
27103	886144	889300
27112	1861624	1864795
27136	461378	464545
27143	980384	983546
27246	1107647	1111016
27281	1695351	1698547
27421	221966	225129
27433	918808	921900
27547	1027383	1030554
27580	1225126	1228554
27591	1665679	1668841
27658	434498	438343
27691	1410067	1413238
28102	1927730	1930882
28115	1528031	1531180
28361	951198	954360
28364	1564696	1567980
28399	413942	417160
28791	1817605	1821108
28905	1915231	1918586
29065	2038597	2041769
29125	1240267	1243637
29146	1847722	1850871
29154	1452723	1455901
29330	696060	699215
29437	2071584	2074720
29497	1249321	1252812
29547	1362261	1365650
29649	909762	913140
29656	1315108	1318739
29677	954781	957918
29855	1693200	1696333
29879	996949	1000102
30273	735547	738584
30298	1707138	1710222
30299	1074204	1077959
30555	635029	638198
30564	249458	252506
30606	1088753	1092370
30671	1609140	1612266
30765	39262	42384
30836	36918	40115
30952	209438	212602
31023	1694506	1697664
31092	477161	480375
31178	380184	383310
31183	1904279	1907383
31187	355970	359097
31218	1091797	1095106
31241	1165014	1168278
31603	1868386	1871519
31756	1128315	1131461
31926	1555052	1558465
31928	2072757	2076684
31952	2863	6036
32184	1232847	1236084
32203	112804	116161
32596	1464932	1468483
32631	1663750	1667350
32635	1831452	1834865
32704	127003	130100
32814	125546	128825
32904	1923426	1926562
32929	836621	839960
32953	1419897	1422973
32986	404130	407754
33089	1464408	1467564
33117	1997730	2000885
33190	78152	81783
33223	394646	398116
33224	435862	439056
33229	1808973	1812310
33253	37777	40895
33261	1540280	1543758
33269	1354390	1357978
33478	403038	406165
33559	1967338	1971089
33579	682514	685796
33585	1685182	1688336
33587	65902	69038
33604	95086	98325
33613	945245	948521
33618	1615693	1618854
33656	1630654	1633819
33738	1788096	1791346
33815	1844385	1847507
33832	434074	437609
33839	796531	799919
33885	638707	641841
33901	1028785	1031946
33934	642125	645280
33951	626906	630063
34296	577746	581171
34675	1067002	1070090
34834	143290	146511
34905	26103	29910
34947	90875	94080
35029	921358	924633
35088	592010	595491
35131	712331	715560
35169	712973	716438
35201	813162	816746
35363	512877	516064
35411	199419	202633
35651	714185	717621
35669	1209539	1213022
35687	321203	324327
35775	12474	15646
35876	96142	99307
35905	999299	1002861
35922	1070235	1073748
35927	384055	387564
35945	1754300	1757418
35956	1391134	1394247
36044	212768	216210
36061	104671	108069
36193	1907452	1910625
36208	179636	183284
36287	2050754	2053917
36469	1291414	1294917
36497	363691	366869
36504	771884	775049
36632	2016255	2019444
36636	291426	294637
36654	1769850	1772946
36662	1053106	1056403
36669	456704	459804
37017	406382	409544
37096	96690	99853
37216	1396634	1399784
37233	700449	703544
37434	865151	868453
37594	1632387	1635552
37674	1382390	1385674
37720	19671	22796
37736	108095	111208
37799	29755	33068
37889	1307546	1310937
37971	675046	678218
37999	1805496	1808164
38013	410200	413480
38116	1744909	1748244
38147	1135255	1138986
38151	1877842	1881164
38231	1203018	1206515
38251	1815607	1818892
38334	373413	376706
38399	1963506	1967082
38524	1181500	1184495
38590	660090	663205
38678	1374438	1377478
38792	2021708	2024417
38815	940316	943396
38939	1145467	1148573
38964	1906339	1909531
39062	860609	863636
39075	1473438	1476547
39110	1706593	1710097
39192	606898	610296
39520	1328778	1332257
39710	505265	508380
39750	445228	448684
39948	1983566	1986704
40034	1817611	1820893
40107	1942451	1945635
40127	1836498	1839681
40132	2014393	2017601
40163	888604	891785
40397	1864814	1868382
40453	1095817	1099115
40510	1900458	1903846
40584	865012	868165
40624	158659	162097
40803	2013021	2016221
41004	1172269	1175838
41136	26887	30249
41359	1419390	1422555
41397	1881334	1884691
41425	754183	757800
41512	1974219	1977394
41529	699038	702364
41575	550909	554039
41624	1106993	1110103
41630	1619165	1622462
41649	1860666	1863839
41663	57667	61127
41780	245830	248987
41886	911686	914850
41912	2051714	2054998
41968	1893841	1896997
42044	442774	445909
42084	758927	762084
42183	1914140	1917404
42190	2090713	2093881
42205	1520967	1524604
42262	993706	996892
42271	508951	512125
42272	1260058	1263159
42564	1754412	1757474
42607	932193	935769
42619	1632606	1635853
42663	1583073	1586233
42687	1301296	1304503
42809	634190	637433
42849	182961	186525
42858	866592	869968
43027	1427690	1430752
43042	1058512	1061847
43158	1132567	1135764
43238	84789	88227
43276	1650198	1653727
43312	608850	611979
43345	1979745	1983167
43433	59179	62349
43464	151532	154681
43485	707818	710666
43554	1817482	1820596
43670	1022911	1026055
43677	735030	738193
43798	1348667	1352036
44133	2002439	2005923
44152	1549985	1553285
44441	722934	726046
44457	1739026	1742532
44651	313175	316802
44658	772942	776298
44689	1734531	1737849
44716	941450	944566
44835	450149	453322
44845	1162382	1165938
44879	1456210	1459430
44907	1300170	1303300
44995	7249	10673
45012	1664091	1667397
45030	476987	480306
45278	1468067	1471581
45291	1593858	1597026
45388	1175641	1178791
45531	793578	796919
45890	1904029	1907172
46059	1926629	1929778
46134	366544	369657
