EVENT	TDC1	TRIG
8	2046655	2049825
25	1186668	1190099
43	803932	806883
45	575903	578850
47	23879	26933
65	892368	895167
87	578258	581187
99	556732	559694
131	1382978	1385928
169	998691	1001764
173	137185	140362
182	1350719	1353866
228	442838	446403
275	1485363	1488469
315	1623287	1626652
357	483493	486441
360	1554358	1557855
367	197484	200429
369	418849	421983
373	1185014	1188131
392	831684	834950
393	1901305	1904255
433	1296351	1299324
436	1702530	1705647
510	1120506	1123750
516	2020651	2024089
539	448719	451844
621	429198	432138
672	361795	364740
688	431290	434237
707	408429	411719
745	156011	159169
762	146751	150034
773	362699	365785
808	1253560	1256761
842	1076171	1079397
863	1018778	1021744
888	1553997	1557115
896	1100524	1104260
920	1073087	1076118
926	1145856	1148858
935	2088066	2091405
947	1799075	1802030
1011	551867	554943
1021	1132125	1135095
1070	1780804	1783775
1124	957003	960521
1178	1755251	1758236
1193	629691	632820
1202	376035	379049
1203	1448120	1451143
1211	856581	859655
1286	296867	300270
1289	1442829	1445777
1300	242916	246165
1331	2017510	2020710
1380	1308746	1311723
1457	1100098	1103270
1483	800271	803517
1489	1415191	1418153
1491	2053449	2056810
1493	418266	421699
1505	972298	975332
1509	1164486	1168232
1539	1735501	1738502
1579	1447724	1451217
1594	1941309	1944277
1595	850074	853013
1596	164232	167190
1602	1972112	1975153
1615	1223619	1226962
1629	1089087	1092066
1674	233365	236333
1700	1342926	1345904
1707	1654571	1657605
1729	966733	969672
1731	1458181	1461202
1752	1083316	1086297
1784	99660	103095
1793	1412993	1416194
1845	1171591	1174585
1865	1856233	1859776
1908	579675	582634
1912	411287	414426
1949	1135734	1138813
1955	1055708	1058979
1965	1057079	1060199
1991	1926101	1929076
1995	814496	817442
2008	621519	624470
2028	544361	547522
2055	915694	918652
2058	213050	216008
2082	261068	264015
2164	285359	288762
2166	665012	667973
2191	1117550	1120508
2212	516821	519744
2227	1287938	1290995
2247	1999416	2002381
2277	1831166	1834262
2292	1628648	1631634
2353	282377	285337
2365	107185	110147
2370	846569	849585
2399	1998012	2001585
2412	470008	473214
2419	958091	961248
2427	19328	22354
2433	140202	143542
2444	92716	95993
2447	1841698	1845202
2499	752307	755310
2516	1394382	1397330
2528	216798	219709
2542	1194011	1196937
2547	405798	408786
2608	179189	182146
2621	427445	430841
2629	1634853	1637824
2636	1934247	1937658
2639	1783076	1786317
2654	839177	842336
2663	1043014	1045969
2666	1459954	1463353
2672	680351	683302
2685	877247	880538
2688	1302970	1306037
2712	601102	604634
2732	1418670	1421636
2737	676379	679595
2747	1003050	1006009
2767	1551497	1554478
2813	1556723	1559721
2841	1336534	1339975
2848	1146462	1149416
2889	1944519	1947684
2895	1224583	1227575
2935	1623477	1626565
2998	365395	368756
3000	594846	598013
3056	2069586	2072551
3134	1978976	1982214
3154	1887085	1890137
3171	1709741	1713020
3193	2035829	2038786
3217	184285	187590
3240	1964630	1967803
3276	1123812	1126774
3279	1988259	1991337
3285	1821267	1824551
3300	1372811	1375722
3310	1387662	1391041
3320	1726958	1729910
3337	621189	624155
3351	1641222	1644319
3386	1287090	1290043
3393	990867	994141
3433	348219	351178
3463	1223166	1226257
3475	1765959	1769093
3493	889716	892895
3497	942386	945648
3527	1891010	1893970
3540	16418	19346
3609	933708	936871
3613	1521821	1525201
3690	2095334	1128
3725	205865	209220
3741	1498849	1502153
3764	905681	908662
3777	2041866	2044824
3784	1132182	1135210
3799	158089	161397
3816	1290523	1293446
3826	1402977	1405984
3848	237491	240701
3863	772391	775410
3885	1739877	1742851
3891	1878357	1881603
3895	1946467	1949661
3897	577042	580345
3912	597077	600059
3930	1015747	1019310
3933	1832163	1835651
3948	642300	645681
3961	1777846	1780811
3974	4992	8312
3997	496759	500120
4001	419966	423133
4066	1075802	1078796
4123	959340	962284
4128	1473613	1476952
4152	481339	484313
4156	91805	95125
4191	478471	481430
4230	1583060	1586582
4248	217808	220784
4256	272420	275800
4275	131731	134903
4313	176920	179877
4335	1038501	1041532
4353	1234135	1237464
4394	1875522	1878478
4411	1648514	1651587
4417	462506	465513
4420	1485076	1488610
4425	1157216	1160189
4449	297005	299949
4451	1866251	1869234
4455	242216	245431
4467	1013230	1016633
4479	310089	313074
4489	800489	803447
4510	981038	984532
4526	1241074	1244056
4558	1775540	1778577
4580	39477	42426
4586	1681562	1684850
4593	2096235	2028
4665	1126711	1129972
4702	1430737	1433707
4765	83087	86075
4768	337430	340775
4780	50727	53692
4786	1965754	1969182
4814	1811442	1814743
4839	1637197	1640476
4861	1801751	1805342
4902	508114	511804
4918	781539	784466
4937	1340030	1343165
4944	1226527	1229574
4946	851206	854636
4989	1658894	1661867
5003	690885	693944
5017	1494710	1497650
5036	1756682	1759649
5042	1786759	1789723
5054	146542	149742
5083	1032437	1035507
5108	213895	217185
5120	1736363	1739317
5140	1002765	1006239
5149	76030	79400
5160	698926	701926
5204	1441872	1444835
5219	1068952	1072121
5221	1997123	2000158
5230	496825	499765
5237	1083205	1086210
5240	685020	688101
5259	230917	233908
5281	1263793	1266652
5320	1894237	1897217
5380	534819	537830
5382	50699	53988
5403	859983	863374
5461	934370	937669
5470	1005702	1008930
5493	1960895	1963880
5496	135747	138689
5512	217754	220908
5531	1259031	1261962
5532	1976871	1979788
5544	1570213	1573326
5548	726461	729504
5549	968996	971930
5661	308126	311203
5665	1360210	1363177
5670	1367801	1371004
5676	1480304	1483507
5684	453000	456185
5699	35530	38934
5739	2002875	2006319
5746	1380337	1383329
5747	1782380	1785509
5749	2040868	2043805
5768	1360699	1363644
5784	1245318	1248306
5789	196160	199670
5800	858189	861458
5828	1328755	1331682
5864	129543	132578
5865	92710	95673
5867	1892205	1895351
5869	149766	153050
5888	201021	203962
5891	91038	94002
5964	1891530	1894561
5967	1709619	1712882
5974	1587917	1590728
5991	1910686	1913919
6082	418966	422393
6096	978998	982164
6107	1036839	1039836
6128	108430	111387
6134	252038	254959
6143	1216288	1219569
6161	855111	858652
6178	808426	811509
6198	1747081	1749928
6202	1399706	1402716
6207	129996	133308
6211	321223	324194
6253	461843	465248
6259	442541	445501
6271	80796	83880
6274	662787	665687
6288	1962240	1965193
6296	1423946	1427015
6299	843522	846657
6313	1407629	1410569
6314	1545843	1548813
6392	763056	766040
6411	1728460	1731627
6414	777516	780883
6420	256726	259682
6428	959930	963067
6432	663765	667112
6447	822129	825372
6452	1730424	1733707
6461	622786	625763
6475	1818374	1821588
6482	137003	139951
6484	800458	803790
6488	1506384	1509362
6489	862143	865125
6649	97865	101108
6664	519954	523235
6671	1896951	1900240
6672	1590867	1593853
6685	2050586	2053809
6696	105893	108853
6725	1724692	1727667
6804	532119	535538
6812	1777349	1780658
6874	1752436	1755392
6877	152810	155755
6910	2002008	2005144
6933	1198892	1202405
6952	443492	446570
6978	681314	684275
6994	709283	712243
7033	892050	895015
7042	1181635	1184782
7070	966863	969813
7133	1500546	1503459
7159	1602453	1605435
7173	1550082	1553447
7197	797842	800781
7214	1485123	1488537
7267	1734692	1737707
7281	390241	393216
7290	873082	876440
7320	1725632	1728802
7328	1437259	1440484
7330	881849	884934
7346	1818871	1821838
7368	1010010	1013379
7409	1913110	1916146
7413	59960	62940
7414	601550	605070
7553	773456	777078
7567	1039911	1043272
7589	767639	770640
7609	622742	626442
7611	1725340	1728471
7614	815609	818574
7630	1962337	1965510
7663	145913	149301
7739	1648018	1651269
7740	1543679	1546664
7775	1530330	1533606
7795	2082837	2085895
7802	639040	642463
7853	1307114	1310369
7888	362890	365873
7935	232650	235974
7945	201607	204582
7947	406616	409583
7961	938313	941302
7975	1713333	1716538
7991	767148	770340
8002	1548635	1551670
8085	513831	516778
8106	289787	293174
8129	528464	531434
8160	617141	620271
8191	296108	299073
8206	605558	608553
8235	561517	564486
8266	1775175	1778162
8289	416972	419925
8303	199006	201982
8329	386274	389454
8354	1669366	1672320
8379	567235	570518
8409	34751	38033
8416	542584	545557
8421	1631053	1634002
8428	975696	978963
8458	676494	679517
8482	1011298	1014540
8516	398572	401735
8557	1094886	1098034
8563	1205681	1208752
8591	1222909	1225875
8594	787574	790531
8623	2088933	2092238
8628	682109	685066
8709	1846850	1849836
8713	1299929	1303209
8764	1028210	1031194
8770	1696685	1699752
8806	252098	255306
8864	674908	678159
8873	259575	262525
8915	2091818	2094905
8947	1270869	1274129
8954	538960	542271
8989	1389357	1392368
8992	2053358	2056333
9024	760135	763148
9028	1155779	1158739
9129	1288843	1291903
9177	2037941	2040898
9179	562863	565885
9181	2032821	2035964
9191	269	3448
9208	1928201	1931339
9218	1411598	1415109
9220	1181884	1185328
9235	797877	800851
9253	340512	343468
9258	1737291	1740410
9268	827263	830593
9274	448351	451656
9282	864999	868188
9297	1537732	1540944
9299	694252	697240
9313	921472	924690
9318	1866442	1869485
9331	1972573	1975514
9338	638615	641926
9343	687026	689959
9364	1229934	1233602
9373	1441388	1444242
9400	312963	315944
9401	1886361	1889449
9402	167640	170805
9410	471799	474798
9424	462137	465186
9463	228467	232021
9496	856114	859414
9498	32861	35968
9546	947526	950532
9576	1020788	1024238
9582	1820645	1823539
9597	547747	550701
9627	530868	533825
9655	1548292	1551220
9660	666399	669317
9666	1789571	1792498
9679	2013193	2016167
9738	22542	25677
9781	1996212	1999415
9839	62191	65159
9845	790406	793401
9870	680521	683918
9890	247785	250758
9917	246117	249090
9933	1547665	1550650
9942	1762772	1766037
9952	306650	309926
9971	1564964	1568174
9978	1509879	1513066
9997	1071980	1074898
10018	380799	383789
10021	1920466	1923672
10023	703477	706685
10029	1789831	1792837
10037	328869	331855
10044	1490446	1493456
10069	118592	121601
10077	728364	731336
10095	1306358	1309856
10101	2075472	2078479
10160	722485	725619
10188	1877042	1880502
10197	1223574	1226527
10235	1262856	1265792
10246	1804449	1807776
10275	693597	696889
10299	933344	936533
10342	406513	409486
10343	642761	645726
10386	1482097	1485163
10388	180516	183538
10390	1382776	1385730
10399	1469605	1472655
10416	190125	193447
10431	2087964	2091213
10443	295192	298175
10464	1930100	1933401
10471	3085	6630
10478	1198011	1201200
10522	1226635	1229604
10571	560335	563837
10596	898841	901820
10597	1355636	1359002
10599	1695671	1698787
10664	1186125	1189627
10730	1072864	1075863
10734	660290	663228
10757	2061710	2064805
10781	1399989	1403126
10798	732365	735336
10844	1414165	1417095
10866	512204	515181
10894	1432485	1435712
10940	384258	387416
10971	1487387	1490412
11024	355449	358344
11046	1195578	1198690
11120	202038	205217
11126	475975	478928
11145	1058690	1061608
11148	1749042	1752007
11162	828931	832139
11168	1836648	1839605
11176	1537771	1540747
11177	1402725	1406013
11253	1339460	1342682
11296	559215	562272
11300	1689506	1692489
11303	595718	598665
11317	1635022	1638145
11333	1561946	1565001
11347	1967145	1970496
11398	1536848	1540601
11422	1192639	1195746
11454	1871419	1874431
11479	1686934	1689974
11492	1351948	1354966
11504	1499173	1502165
11520	2092707	2095761
11530	271262	274221
11535	1478835	1482162
11599	1253756	1256732
11611	1250778	1253838
11613	930512	933531
11614	1088704	1091931
11631	331600	334645
11652	1553493	1556468
11671	476964	479918
11699	1101744	1104732
11743	1268389	1271390
11783	1867338	1870293
11797	1302489	1305548
11879	1761847	1764995
11926	248974	252018
11927	2026918	2030209
11967	510064	513046
12034	479497	482580
12062	1320444	1323678
12188	368739	371780
12189	1841070	1844035
12224	1736592	1739864
12231	366467	369716
12313	435032	438358
12320	807467	811015
12322	118972	122254
12328	1456876	1460247
12335	727101	730544
12344	332269	335647
12367	437669	440662
12374	502870	505831
12399	1886097	1889144
12422	1879125	1882173
12448	1460971	1464354
12464	927546	930734
12477	793817	797168
12494	318350	321518
12536	1987733	1990755
12574	643429	646573
12626	2069996	2073327
12639	1626316	1629613
12650	124486	127737
12672	223088	226063
12673	660866	664168
12694	1065491	1068485
12712	467140	470088
12760	1958618	1961977
12763	271875	275220
12830	662948	666233
12863	2035977	2038951
12878	1079943	1082893
12901	84245	87230
12944	995136	998321
12955	1349958	1353232
12969	1334373	1337351
12975	1054969	1057913
12980	804949	807994
12985	1910802	1913841
12998	1003367	1006508
13039	768674	771677
13047	839552	842458
13057	652984	655935
13068	1427095	1430213
13095	361618	364895
13101	282628	285629
13127	1343365	1346522
13131	79946	83136
13138	1963965	1966928
13154	1386239	1389636
13155	97072	100184
13161	1607607	1610588
13219	1879455	1882617
13235	2038230	2041182
13247	305063	308126
13271	1376265	1379292
13276	1450519	1453430
13293	1366201	1369168
13359	1608174	1611153
13362	49321	52343
13420	1042738	1045683
13437	1170982	1173949
13449	738627	741752
13460	1382339	1385526
13482	1750064	1753116
13504	771377	774661
13532	736448	739511
13539	1709687	1712750
13545	652219	655657
13600	538155	541350
13613	97354	100304
13615	1990979	1994102
13639	878062	881002
13670	1408534	1412027
13703	1735418	1738411
13718	207580	210515
13766	1740318	1743503
13775	1765365	1768367
13783	1803819	1806898
13817	1014407	1017357
13859	360866	363988
13872	1382035	1385252
13873	814518	817313
13921	1700965	1704213
13925	1689586	1692558
13940	12802	16114
13989	112894	116136
14071	431871	435126
14078	2068722	2071698
14087	869709	872644
14092	382944	386033
14174	807192	810853
14175	730412	733387
14177	259298	262673
14178	965034	968000
14181	412046	415090
14190	1926075	1929017
14200	1493042	1496381
14234	336057	339257
14235	1131735	1134753
14277	762727	765789
14309	798053	800996
14329	318894	321846
14402	554912	557877
14406	1956724	1959701
14459	1090871	1094177
14480	1897567	1900937
14493	1328076	1331075
14507	317401	320405
14611	1906337	1909590
14620	745590	748633
14716	715494	718416
14728	1707925	1711013
14729	1908878	1911834
14765	1828453	1831321
14815	86746	89704
14825	1625025	1628601
14838	579935	582952
14854	853579	856588
14872	1133487	1136453
14873	921298	924231
14938	31307	34501
14993	1110437	1113413
15001	1848018	1851344
15016	1484054	1487428
15039	551946	555591
15079	1348577	1351878
15103	1113242	1116206
15107	808090	811074
15110	1349900	1353150
15111	425470	428444
15116	1616764	1620038
15126	1198508	1201477
15161	1442879	1446028
15165	1287501	1290929
15177	395874	398963
15210	57069	60054
15240	1785346	1788336
15322	1134361	1137583
15330	472571	475534
15337	815811	818741
15382	1013784	1016809
15417	90131	93078
15420	778875	781873
15427	1508573	1511515
15476	536318	539302
15488	1782390	1785519
15542	1720642	1723657
15549	760887	764077
15566	740169	743193
15599	336242	339705
15604	1434657	1438117
15612	1176506	1179709
15621	504102	507757
15626	192729	195986
15665	2082401	2085992
15688	2001447	2004421
15726	1241090	1244429
15733	465759	468705
15743	884234	887621
15750	824938	827929
15759	2091877	2095099
15769	3466	6752
15794	505699	508662
15830	789118	792054
15832	486564	489626
15845	646459	649654
15846	1340496	1343522
15848	337159	340402
15865	1731000	1734212
15960	897458	900653
16010	212948	216063
16022	17241	20447
16030	1872481	1875645
16066	1045420	1048586
16071	1258870	1262102
16072	165254	168272
16090	1756104	1759062
16101	1294055	1297529
16110	1952279	1955252
16140	1614878	1618206
16160	333606	336608
16175	137923	140874
16193	1717574	1721317
16242	1695901	1699226
16244	822402	825392
16245	966447	970164
16299	512597	515612
16335	1533120	1536035
16350	1409369	1412808
16366	1019833	1022813
16367	848794	851876
16451	1078365	1081332
16467	568554	571841
16471	66399	69626
16547	1876795	1879803
16551	1013387	1016688
16610	1632145	1635704
16612	14751	18148
16632	302473	305669
16635	585017	587985
16649	1061491	1064676
16680	1599137	1602133
16690	529782	532949
16719	455062	458026
16743	274894	278401
16777	443357	446687
16798	1693269	1696521
16827	1178407	1181322
16828	1944116	1947782
16856	547756	550720
16858	182002	185385
16863	1026586	1029492
16886	327299	330444
16892	307622	310850
16907	889610	892557
16910	1754193	1757322
16946	486898	490001
16952	46544	49488
16953	1775065	1778441
16954	621990	625100
16957	1219266	1222365
16981	464890	467937
17040	672658	675615
17068	171961	174866
17157	981963	985003
17170	1674862	1678013
17172	1742343	1745305
17180	657281	660483
17234	1380401	1383362
17262	1594046	1597014
17288	338471	341430
17309	574501	577465
17319	239359	242355
17324	841760	844780
17325	298434	301760
17358	842424	845398
17404	1331192	1334270
17408	1691032	1693992
17441	115875	118863
17451	1110422	1113455
17518	922709	926049
17545	1031099	1034415
17574	1070794	1073766
17599	647421	650550
17609	259283	262257
17639	544539	547517
17662	1985346	1988489
17672	157641	160823
17684	70010	73430
17741	715347	718403
17806	1776101	1779035
17816	2042156	2045308
17836	129746	133160
17842	1446787	1449778
17847	557256	560227
17874	67525	70503
17878	987899	990894
17883	1375701	1378873
17997	1127271	1130698
18033	1335774	1338918
18038	1225296	1228281
18045	542302	545294
18047	1501490	1504456
18124	198990	201943
18131	1380529	1383485
18143	196830	199947
18180	1536280	1539725
18257	117863	121151
18266	1388343	1391337
18269	650886	654296
18280	280235	283659
18293	1512506	1515459
18297	1860761	1864073
18303	1020253	1023208
18306	69592	72944
18310	1728285	1731522
18313	323603	326600
18322	506292	509256
18339	1823318	1826551
18344	54942	57903
18385	85800	89207
18402	1149354	1152358
18407	151474	154454
18444	1438668	1441946
18448	1921083	1924050
18509	1861856	1865184
18523	1806653	1809921
18601	1387043	1390640
18645	720395	723341
18646	738328	741589
18659	1676399	1680103
18670	1132064	1135045
18699	1521558	1524562
18717	1897585	1900585
18754	280741	284335
18784	1075937	1078992
18795	2073198	2076502
18816	1807295	1810814
18836	1707071	1710126
18888	1422570	1425631
18902	1515239	1518323
18913	1983970	1986989
18921	428080	431015
18943	1205208	1208172
18977	208216	211295
18979	1511414	1514522
19033	180411	183686
19034	1841241	1844352
19040	770510	773554
19062	1970117	1973076
19081	730474	733928
19106	1656993	1660446
19131	229475	232661
19194	1910735	1913699
19211	2074492	2077665
19216	285873	288834
19237	1712158	1715081
19249	473881	477262
19278	96767	99664
19282	1230342	1233376
19288	1397840	1400935
19303	1320683	1323756
19373	1777494	1780921
19378	1383074	1386469
19387	721179	724110
19399	57808	60743
19417	225498	228716
19422	973249	976492
19434	1863378	1866675
19449	390202	393164
19468	2054870	2057971
19471	1101485	1105059
19480	599807	602953
19485	973000	976168
19489	244127	247143
19513	109061	112037
19523	947396	950407
19524	806254	809250
19527	143583	146695
19548	1512894	1516124
19569	999090	1002617
19593	193206	196162
19626	1957572	1960841
19630	759278	762200
19638	573473	576758
19651	2011420	2014723
19673	1249122	1252303
19687	127064	130372
19715	895458	898841
19762	875708	878675
19768	861721	865108
19779	162983	166489
19860	1863053	1866283
19866	728350	731334
19969	1097916	1100923
19991	1852411	1855380
20016	1068884	1071874
20022	452231	455660
20023	894338	897316
20093	738383	741399
20108	1137244	1140261
20109	1050604	1053888
20135	793197	796232
20178	860197	863251
20184	836460	839439
20186	133184	136560
20198	684611	687582
20257	1317423	1320713
20265	806602	809581
20300	753001	755955
20308	426042	429357
20312	1061623	1064827
20313	157911	160908
20386	1813101	1816398
20401	458776	461728
20413	47211	50159
20419	1076508	1079479
20445	1110958	1113887
20478	1031021	1034454
20502	223638	226845
20569	792610	795788
20573	1232378	1235376
20578	408030	411112
20601	651003	654142
20629	2021345	2024336
20664	1995382	1998367
20754	474722	477691
20791	1901074	1904049
20818	736187	739266
20838	1141682	1144689
20857	1329870	1332848
20862	962363	965796
20865	854226	857568
20866	1528946	1532437
20869	74421	77431
20875	1776360	1779456
20894	1595273	1598639
20907	234369	237490
20970	752269	755371
20973	438892	441847
21006	1197512	1200479
21014	1450218	1453548
21023	653804	656746
21033	1007337	1010319
21037	355361	356978
21059	391558	394846
21086	346173	349080
21104	1369044	1372105
21109	832796	836231
21113	906826	910170
21126	1953242	1956572
21149	325277	328333
21163	606739	610347
21218	112870	115899
21270	578997	582082
21271	1425953	1429826
21291	1413489	1416760
21299	1551003	1554176
21305	764054	767094
21329	909319	912630
21340	301552	304602
21346	114386	117706
21357	98708	101852
21406	2063726	2066677
21415	117113	120057
21422	1197586	1200502
21426	356804	359753
21502	183366	186322
21543	1612506	1615753
21564	1116743	1119994
21580	1034794	1037985
21740	107533	110647
21754	154445	157430
21760	1741471	1744529
21775	1196876	1199860
21799	899526	902612
21810	1284231	1287229
21824	1871505	1874860
21835	1444839	1447934
21855	1933370	1936427
21858	1801865	1805014
21864	1614552	1617871
21873	208134	211656
21889	524602	527805
21935	768572	771561
22001	516976	520819
22004	1329062	1332285
22005	566003	569484
22007	130940	133867
22041	558597	561865
22074	19175	22598
22107	603666	606636
22148	1949943	1953265
22174	1925846	1928821
22179	995846	998846
22205	534838	538052
22212	845441	848474
22216	523742	526751
22246	1400127	1403072
22280	619881	622857
22334	123890	126868
22342	1712128	1715144
22365	1691666	1694781
22366	825344	828341
22372	203170	206293
22393	92225	95193
22431	604584	607858
22501	32827	35975
22503	1365980	1369122
22513	810426	813573
22550	419242	422190
22556	1065483	1068739
22564	1363270	1366266
22601	679330	682893
22640	1988846	1991966
22695	1690348	1693566
22700	985957	988972
22701	1810766	1813798
22705	400607	403582
22747	262073	265272
22779	1981430	1984649
22785	1652889	1656562
22844	990359	993545
22852	845667	848896
22858	1231139	1234227
22859	893389	896730
22861	447225	450239
22894	1240105	1243095
22897	1559600	1562943
22898	673569	676831
22932	103137	106103
22945	658661	661836
22949	337139	340189
22950	1042746	1046077
22998	592755	595879
23020	92930	95979
23083	1632873	1635873
23200	1191223	1194552
23218	119694	123168
23245	857702	860856
23289	1252816	1256302
23331	852772	855783
23346	1330727	1334375
23360	33253	36282
23368	741962	744971
23370	285611	288928
23389	412146	415133
23452	1151456	1154733
23481	1851816	1855177
23497	192677	195621
23527	1978878	1981880
23549	40103	43118
23560	1128258	1131272
23572	678443	681444
23594	1110225	1113619
23615	1805388	1808410
23619	876466	879821
23629	2067586	2070807
23635	269858	272876
23653	1022564	1025693
23662	8387	11642
23709	957798	960802
23714	1781871	1784958
23724	1261657	1264643
23769	7695	11119
23773	1166641	1169666
23790	1590154	1593324
23826	364446	367424
23946	215528	218857
23968	592610	595929
23969	789857	793159
23985	1552998	1556382
23990	915609	918668
24018	1776327	1779293
24086	455534	458520
24110	1464088	1467085
24143	636616	639892
24187	453131	456253
24208	1655253	1658377
24212	1019883	1023472
24228	1771645	1774994
24254	1738069	1741344
24263	111683	114657
24269	1022125	1025490
24271	292950	296587
24285	1863042	1866045
24303	1436156	1439194
24317	768426	771402
24331	462421	465372
24341	695558	698955
24374	423100	426178
24404	1069573	1072709
24416	536541	539884
24482	1151588	1154888
24487	1356788	1359757
24500	857237	860221
24501	1899207	1902316
24581	325158	328173
24594	1943450	1946676
24612	827657	831123
24615	651670	654642
24630	786074	789061
24679	539097	542122
24693	1956028	1959314
24730	763923	767551
24734	1571434	1574441
24765	68658	71926
24779	978051	981044
24810	510652	513558
24831	1479872	1482866
24880	439653	441133
24906	1644328	1647499
24907	2057341	2060273
24909	1359038	1362011
24915	1164359	1167710
24932	365497	368453
24935	1257699	1261194
24963	528884	531996
24973	805902	809083
25010	1799558	1803023
25024	1075853	1078865
25057	588126	591177
25097	848394	851990
25103	393526	396565
25123	1875486	1878469
25165	566839	570222
25174	557521	560795
25253	891066	894080
25311	1319368	1322452
25315	1242565	1246018
25316	390819	393802
25361	1800483	1803717
25363	1647970	1651357
25375	1040461	1043446
25397	469923	472927
25399	193202	196312
25414	239551	242588
25417	1369391	1372519
25442	1067535	1070544
25459	394989	398218
25461	14521	17565
25486	453496	456464
25494	1490267	1493518
25505	200231	203295
25559	1847552	1850535
25613	1195658	1198534
25627	1141053	1144226
25686	63652	66625
25694	464642	467674
25702	1760874	1764407
25705	2020266	2023601
25736	499443	502856
25749	1453066	1456244
25764	1889641	1892667
25770	562357	565412
25799	810516	813415
25849	1873685	1876667
25863	2023473	2026836
25873	1538920	1542174
25885	547945	551239
25942	1359538	1362641
25949	875604	878700
25973	1738186	1741520
25996	1474651	1477605
25998	1845958	1849075
26026	780199	783202
26029	1881124	1884120
26037	303534	306522
26046	1237171	1240691
26059	834520	837842
26068	1919593	1923120
26098	2030215	2033193
26114	442225	445315
26115	1871709	1875186
26127	1328327	1331664
26149	1068762	1071812
26169	83781	86761
26259	1896770	1900141
26288	667495	670476
26307	1509537	1512579
26339	813626	816622
26356	897121	900301
26378	1450335	1453526
26416	608236	611528
26459	1442438	1445878
26480	884750	887770
26498	184450	187705
26515	1976317	1979338
26582	1626331	1629432
26676	1078845	1081849
26691	58478	61489
26693	8384	11828
26734	2048816	2051833
26749	1901714	1904911
26772	1492462	1495464
26779	1270402	1273372
26786	1791204	1794242
26791	968858	971968
26840	873110	876125
26871	516315	519397
26938	194957	198360
26974	1197622	1200769
26992	140013	143076
27034	79306	82448
27099	15655	18649
27127	929648	932727
27174	1321044	1324351
27179	268416	271418
27183	615170	618185
27189	1749725	1752725
27211	1348985	1351991
27223	594420	597373
27238	1945069	1948306
27270	1539854	1542874
27278	1232909	1235813
27288	1144205	1147187
27300	889204	892501
27319	1636709	1639686
27355	1302344	1305406
27360	1326344	1329386
27401	1740913	1744044
27405	1311118	1314124
27415	264152	267507
27442	1994190	1997565
27488	469724	472691
27524	1709449	1712475
27549	1800203	1803202
27562	1063312	1066836
27565	1441378	1444348
27590	763451	766489
27601	178074	181047
27671	2054459	2057631
27750	326070	329164
27821	1030004	1033256
27852	1230375	1233340
27863	145929	148942
27915	951849	954887
27959	334089	337338
27975	1466591	1470058
28012	1133613	1136607
28033	442291	445289
28037	2059913	2063139
28040	488520	491579
28046	1250222	1253223
28109	1621735	1624943
28111	25193	28431
28121	1649105	1652052
28175	1170473	1173636
28239	243112	246098
28243	69916	73132
28254	80760	83774
28281	1271918	1274944
28293	479482	482465
28295	543406	546394
28299	1607113	1610630
28314	1576933	1579961
28318	1811904	1814928
28327	1090126	1093479
28358	1588260	1591539
28361	1909870	1912875
28387	1559733	1563039
28419	2044084	2047283
28451	479762	482899
28469	1054912	1058013
28499	6589	9620
28505	288599	291613
28509	1768982	1772355
28512	1614258	1617390
28585	1146891	1149822
28635	482843	485848
28654	1366470	1369645
28701	1592895	1595922
28711	1988594	1991893
28721	1274419	1277480
28728	691771	694984
28737	31755	34730
28751	1169666	1172849
28781	192368	195383
28783	1850702	1853916
28833	1247514	1250855
28863	1986592	1989934
28875	1763199	1766183
28880	645039	648055
28945	1413031	1415967
28950	1168924	1172277
28957	1600064	1602992
29017	1716870	1719871
29046	490130	493116
29067	1216800	1219814
29084	1760828	1764120
29089	1729525	1732519
29118	2076662	2079763
29142	1351254	1354228
29207	1628460	1631466
29280	1516603	1519684
29300	49329	52392
29343	1749655	1752834
29413	940710	943700
29434	1787158	1790180
29452	193722	197023
29464	587397	590433
29491	306490	309517
29518	1174083	1177097
29526	304921	308141
29529	204162	207155
29535	70374	73361
29547	597325	600314
29549	1242119	1245434
29565	1326913	1329880
29568	103730	106741
29578	401243	404099
29607	1463503	1466620
29661	185256	188263
29667	152541	155801
29678	1548091	1551118
29686	1974838	1977903
29687	406728	409773
29706	222548	225576
29736	1046004	1049345
29753	1122746	1125778
29754	1316390	1319357
29757	1819436	1823020
29788	1166541	1169877
29794	872797	875595
29804	1032382	1035363
29821	1426861	1429949
29829	1464297	1467308
29866	360261	363250
29887	98146	101156
29915	487517	490624
29955	516878	519831
29974	813992	816991
30028	905287	908268
30035	493482	496787
30036	1772857	1776278
30075	335144	338416
30086	539371	542473
30130	1076395	1079355
30134	2088223	2091231
30199	1776717	1779864
30251	1013066	1016021
30303	1369805	1372957
30418	958004	960980
30429	2037720	2040805
30501	406322	409571
30502	47245	50601
30513	1690111	1693098
30610	235677	238771
30632	1406941	1410227
30655	1288454	1291445
30695	1850181	1853589
30712	906288	909292
30764	1673818	1676793
30769	1298624	1301798
30772	997591	1000605
30774	168997	172011
30829	1465468	1468496
30838	910816	913808
30866	967781	970822
30916	783705	787170
30956	2055770	2059077
30958	1592052	1594966
30968	1325379	1328626
30994	1478985	1482285
30995	79871	83130
31017	1427906	1431004
31026	418514	421521
31056	1395907	1398887
31069	1497564	1500538
31072	1817437	1820718
31080	529251	532391
31088	1764227	1767513
31109	1360579	1363573
31123	651575	654574
31186	1995218	1998343
31203	600173	603334
31215	1799317	1802281
31236	1433868	1436820
31246	13182	16167
31291	968046	971025
31292	225269	228592
31309	168186	171167
31336	1754474	1757762
31345	154828	157906
31352	454813	458397
31378	885042	888221
31447	902918	906226
31464	1957897	1960931
31483	789158	792160
31606	1982136	1985134
31622	772246	775254
31629	1342474	1345483
31650	1578635	1581824
31653	1866156	1869400
31665	1405778	1409671
31679	1003380	1006440
31701	848810	851792
31720	1839035	1842588
31723	1217034	1220034
31764	531378	534531
31766	1041596	1044558
31785	235706	238902
31795	828259	832055
31797	1620558	1623577
31821	714604	717585
31829	1743725	1746731
31874	1191242	1194448
31904	2001237	2004220
31920	494394	497585
31933	278730	281938
31949	179610	182614
31960	258038	261220
31988	99581	102621
31994	117824	121341
32010	243446	246875
32012	916095	919133
32050	2060252	2063241
32058	234264	237247
32080	2047623	2051150
32115	1265313	1268505
32121	2044843	2047877
32132	194273	197650
32138	658350	661685
32152	1134282	1137461
32154	121554	124859
32164	1158618	1161981
32203	1474554	1477823
32252	169870	172915
32298	1253673	1256686
32306	300946	304073
32320	1241138	1244255
32331	1276131	1279297
32338	1813578	1816689
32364	104461	107643
32379	313038	316466
32380	1253126	1256067
32387	522042	525230
32434	1324919	1327923
32459	1219557	1222589
32467	1210025	1213313
32511	408561	411050
32514	965807	968765
32541	816633	819652
32553	1246040	1249444
32632	1430169	1433161
32655	2064412	2067666
32657	1175829	1179021
32672	777899	781113
32711	1158458	1161682
32719	1259904	1262855
32734	1451290	1454580
32742	1270316	1273644
32768	2080610	2083596
32814	134956	137956
32853	114008	116984
32876	1533068	1536071
32911	945925	949260
32921	1673198	1676662
32939	1869257	1872465
32949	1210013	1213233
32962	992027	995042
32966	1125344	1128372
32976	1847588	1850592
32978	207839	210840
32991	725503	728717
32997	54199	57348
33005	1687213	1690516
33026	1405842	1408823
33040	1347852	1351028
33042	1845158	1848299
33053	1156553	1160240
33109	1038693	1041823
33120	473222	476475
33139	761970	764961
33175	76471	79444
33182	711493	714437
33189	1348812	1351919
33224	551667	554662
33261	1948030	1951027
33265	129769	132803
33282	942979	946117
33291	2088921	2092234
33343	1475620	1478439
33344	623846	627353
33401	70151	73515
33410	218687	221962
33414	1371316	1374967
33434	1540149	1543351
33471	927114	930099
33511	1048883	1052066
33541	970990	973968
33553	854746	857723
33581	22195	25516
33585	1214105	1217234
33639	1562435	1565741
33645	108437	111396
33679	1555577	1559002
33731	1419344	1422325
33742	1847714	1851184
33766	1735790	1739154
33862	969897	972879
33863	909074	912078
33874	784078	787232
33917	1907458	1910810
33922	1213179	1216262
33938	820367	823361
34022	869762	872778
34076	530999	534075
34080	723761	726720
34100	1136514	1139598
34145	1084196	1087198
34147	1155333	1158338
34178	11749	14967
34194	836725	839732
34196	259861	262874
34216	817091	820361
34221	470996	473967
34232	1756321	1759282
34233	974233	977252
34241	634582	637932
34278	299311	302290
34328	1504362	1507363
34330	1729513	1732779
34403	1501996	1505350
34431	181067	184079
34438	428022	431084
34444	1778144	1781145
34449	566530	569482
34457	658209	661216
34463	377160	380378
34487	177261	180773
34500	760526	763486
34507	735935	739299
34548	24787	27779
34550	503636	506641
34556	933677	936823
34570	559897	563082
34594	1575447	1578501
34608	1080616	1083613
34625	788610	791628
34637	40897	44093
34693	1122951	1126335
34720	98157	101558
34727	396996	400181
34733	2093882	2097117
34739	130678	133992
34786	30359	33471
34801	1460037	1463064
34802	769805	773022
34841	44526	47628
34847	1542268	1545640
34897	1421658	1424880
34907	58583	61728
34917	381769	384903
34920	1041971	1045336
34953	2042598	2045589
34965	820674	823670
